sent.seconds;sent.microseconds;received.seconds;received.microseconds;sampleTimeStamp.seconds;sampleTimeStamp.microseconds;SteeringWhlAngle
1663765070;88370;1663765070;88392;1663765070;88326;0.0039100451907343025
1663765070;108339;1663765070;108361;1663765070;108295;0.0039100451907343025
1663765070;128263;1663765070;128285;1663765070;128218;0.0039100451907343025
1663765070;147966;1663765070;147988;1663765070;147917;0.0039100451907343025
1663765070;168378;1663765070;168412;1663765070;168328;0.0039100451907343025
1663765070;188122;1663765070;188143;1663765070;188077;0.0039100451907343025
1663765070;208059;1663765070;208082;1663765070;208010;0.0039100451907343025
1663765070;228433;1663765070;228469;1663765070;228375;0.0039100451907343025
1663765070;248336;1663765070;248359;1663765070;248289;0.0039100451907343025
1663765070;268158;1663765070;268180;1663765070;268110;0.0039100451907343025
1663765070;288025;1663765070;288047;1663765070;287981;0.0039100451907343025
1663765070;308499;1663765070;308522;1663765070;308449;0.0036493755113520153
1663765070;328571;1663765070;328592;1663765070;328526;0.0033887058319697285
1663765070;347982;1663765070;348005;1663765070;347925;0.002606696793822868
1663765070;367993;1663765070;368015;1663765070;367945;0.0005213393587645736
1663765070;388353;1663765070;388376;1663765070;388305;-0.0007820090381468604
1663765070;408347;1663765070;408368;1663765070;408302;-0.002606696793822868
1663765070;428250;1663765070;428272;1663765070;428202;-0.0033887058319697285
1663765070;448002;1663765070;448030;1663765070;447938;-0.00651674198455717
1663765070;468375;1663765070;468396;1663765070;468330;-0.00886276909899775
1663765070;488374;1663765070;488395;1663765070;488325;-0.010948126534056045
1663765070;508075;1663765070;508098;1663765070;508027;-0.01225147493096748
1663765070;528428;1663765070;528450;1663765070;528384;-0.0138154930072612
1663765070;548351;1663765070;548373;1663765070;548307;-0.014858171724790347
1663765070;568373;1663765070;568395;1663765070;568325;-0.015118841404172634
1663765070;588027;1663765070;588049;1663765070;587983;-0.015118841404172634
1663765070;608485;1663765070;608507;1663765070;608441;-0.015118841404172634
1663765070;628600;1663765070;628633;1663765070;628544;-0.015118841404172634
1663765070;648113;1663765070;648135;1663765070;648064;-0.015118841404172634
1663765070;668018;1663765070;668040;1663765070;667969;-0.015118841404172634
1663765070;688371;1663765070;688394;1663765070;688323;-0.015379511083554922
1663765070;708373;1663765070;708394;1663765070;708329;-0.015379511083554922
1663765070;728341;1663765070;728364;1663765070;728293;-0.015379511083554922
1663765070;747980;1663765070;748003;1663765070;747932;-0.015379511083554922
1663765070;768361;1663765070;768383;1663765070;768317;-0.015379511083554922
1663765070;788131;1663765070;788153;1663765070;788087;-0.015379511083554922
1663765070;808145;1663765070;808166;1663765070;808100;-0.01564018076293721
1663765070;828473;1663765070;828495;1663765070;828424;-0.015379511083554922
1663765070;848363;1663765070;848386;1663765070;848317;-0.01564018076293721
1663765070;868146;1663765070;868168;1663765070;868101;-0.01564018076293721
1663765070;888100;1663765070;888121;1663765070;888056;-0.01564018076293721
1663765070;908528;1663765070;908549;1663765070;908484;-0.01564018076293721
1663765070;928591;1663765070;928614;1663765070;928544;-0.01564018076293721
1663765070;948015;1663765070;948038;1663765070;947964;-0.01564018076293721
1663765070;968105;1663765070;968127;1663765070;968057;-0.01564018076293721
1663765070;988361;1663765070;988382;1663765070;988317;-0.01564018076293721
1663765071;8407;1663765071;8429;1663765071;8360;-0.01564018076293721
1663765071;28269;1663765071;28291;1663765071;28221;-0.01564018076293721
1663765071;48057;1663765071;48079;1663765071;48013;-0.01564018076293721
1663765071;68397;1663765071;68422;1663765071;68335;-0.01564018076293721
1663765071;88159;1663765071;88181;1663765071;88111;-0.01564018076293721
1663765071;108055;1663765071;108076;1663765071;108011;-0.01564018076293721
1663765071;128542;1663765071;128565;1663765071;128493;-0.01564018076293721
1663765071;148342;1663765071;148365;1663765071;148296;-0.01564018076293721
1663765071;168136;1663765071;168158;1663765071;168091;-0.01564018076293721
1663765071;188024;1663765071;188045;1663765071;187980;-0.01564018076293721
1663765071;208517;1663765071;208538;1663765071;208473;-0.016161520121701783
1663765071;228597;1663765071;228620;1663765071;228544;-0.016422189801084067
1663765071;248032;1663765071;248054;1663765071;247988;-0.018246877556760077
1663765071;267999;1663765071;268021;1663765071;267955;-0.021635583388729805
1663765071;288391;1663765071;288413;1663765071;288347;-0.02528495890008182
1663765071;308410;1663765071;308434;1663765071;308361;-0.0276309860145224
1663765071;328282;1663765071;328304;1663765071;328233;-0.035451076395991
1663765071;347992;1663765071;348015;1663765071;347943;-0.03831844286919616
1663765071;368358;1663765071;368380;1663765071;368314;-0.04900589972386992
1663765071;388157;1663765071;388179;1663765071;388110;-0.052655275235221934
1663765071;408095;1663765071;408117;1663765071;408048;-0.06073603529607283
1663765071;428424;1663765071;428447;1663765071;428376;-0.07012014375383516
1663765071;448361;1663765071;448383;1663765071;448313;-0.08002559157036204
1663765071;468147;1663765071;468168;1663765071;468101;-0.0909737181044181
1663765071;488035;1663765071;488057;1663765071;487986;-0.10817791694364902
1663765071;508512;1663765071;508534;1663765071;508469;-0.11990805251585193
1663765071;528584;1663765071;528606;1663765071;528538;-0.12590345514164453
1663765071;548031;1663765071;548054;1663765071;547984;-0.13763359071384743
1663765071;568006;1663765071;568041;1663765071;567951;-0.15509845923246066
1663765071;588393;1663765071;588432;1663765071;588329;-0.16682859480466355
1663765071;608401;1663765071;608425;1663765071;608354;-0.17829806069748416
1663765071;628275;1663765071;628296;1663765071;628230;-0.1837721239645122
1663765071;647987;1663765071;648008;1663765071;647940;-0.20019431376559627
1663765071;668399;1663765071;668421;1663765071;668354;-0.21062110094088773
1663765071;688408;1663765071;688430;1663765071;688359;-0.2213085577955615
1663765071;708064;1663765071;708085;1663765071;708019;-0.22626128170382495
1663765071;728471;1663765071;728494;1663765071;728410;-0.2411194534286153
1663765071;748351;1663765071;748375;1663765071;748306;-0.24581150765749646
1663765071;768402;1663765071;768424;1663765071;768354;-0.25962700066475763
1663765071;788088;1663765071;788110;1663765071;788040;-0.26379771553487424
1663765071;808530;1663765071;808552;1663765071;808481;-0.2760491904658417
1663765071;828605;1663765071;828629;1663765071;828557;-0.2796985659771937
1663765071;848102;1663765071;848124;1663765071;848053;-0.2869973169998978
1663765071;868020;1663765071;868042;1663765071;867974;-0.29716343449580696
1663765071;888417;1663765071;888439;1663765071;888361;-0.3031588371215996
1663765071;908395;1663765071;908417;1663765071;908346;-0.30576553391542244
1663765071;928360;1663765071;928384;1663765071;928313;-0.3112395971824504
1663765071;947978;1663765071;948002;1663765071;947924;-0.3159316514113316
1663765071;968376;1663765071;968398;1663765071;968332;-0.3221877237165065
1663765071;988153;1663765071;988174;1663765071;988109;-0.3237517417928002
1663765072;8105;1663765072;8127;1663765072;8061;-0.3279224566629168
1663765072;28457;1663765072;28481;1663765072;28404;-0.32896513538044597
1663765072;48358;1663765072;48379;1663765072;48314;-0.3302684837773574
1663765072;68174;1663765072;68196;1663765072;68125;-0.3313111624948865
1663765072;88138;1663765072;88159;1663765072;88094;-0.3313111624948865
1663765072;108559;1663765072;108580;1663765072;108515;-0.3313111624948865
1663765072;128631;1663765072;128653;1663765072;128581;-0.3313111624948865
1663765072;148010;1663765072;148031;1663765072;147966;-0.3313111624948865
1663765072;168108;1663765072;168130;1663765072;168064;-0.3313111624948865
1663765072;188409;1663765072;188431;1663765072;188364;-0.3313111624948865
1663765072;208412;1663765072;208435;1663765072;208366;-0.3313111624948865
1663765072;228270;1663765072;228293;1663765072;228222;-0.3313111624948865
1663765072;248075;1663765072;248097;1663765072;248031;-0.3313111624948865
1663765072;268401;1663765072;268423;1663765072;268357;-0.3313111624948865
1663765072;288174;1663765072;288197;1663765072;288127;-0.3313111624948865
1663765072;308120;1663765072;308155;1663765072;308068;-0.3313111624948865
1663765072;328507;1663765072;328529;1663765072;328463;-0.3313111624948865
1663765072;348375;1663765072;348396;1663765072;348331;-0.3313111624948865
1663765072;368183;1663765072;368205;1663765072;368135;-0.3313111624948865
1663765072;388052;1663765072;388074;1663765072;388004;-0.3313111624948865
1663765072;408574;1663765072;408596;1663765072;408530;-0.3313111624948865
1663765072;428642;1663765072;428664;1663765072;428594;-0.3313111624948865
1663765072;448043;1663765072;448064;1663765072;447998;-0.3313111624948865
1663765072;468027;1663765072;468048;1663765072;467981;-0.3313111624948865
1663765072;488432;1663765072;488454;1663765072;488383;-0.3313111624948865
1663765072;508435;1663765072;508458;1663765072;508388;-0.3302684837773574
1663765072;528305;1663765072;528327;1663765072;528257;-0.3297471444185928
1663765072;548006;1663765072;548028;1663765072;547962;-0.32818312634229907
1663765072;568363;1663765072;568384;1663765072;568319;-0.3250550901897116
1663765072;588172;1663765072;588194;1663765072;588123;-0.3237517417928002
1663765072;608092;1663765072;608113;1663765072;608047;-0.32010236628144817
1663765072;628441;1663765072;628463;1663765072;628392;-0.31879901788453674
1663765072;648405;1663765072;648427;1663765072;648355;-0.3161923210907139
1663765072;668185;1663765072;668207;1663765072;668137;-0.31306428493812644
1663765072;688070;1663765072;688092;1663765072;688021;-0.3083722307092453
1663765072;708547;1663765072;708571;1663765072;708496;-0.30680821263295155
1663765072;728624;1663765072;728645;1663765072;728580;-0.3031588371215996
1663765072;748118;1663765072;748142;1663765072;748064;-0.2984667828927184
1663765072;768045;1663765072;768067;1663765072;768001;-0.29090736219063207
1663765072;788450;1663765072;788474;1663765072;788398;-0.28543329892360403
1663765072;808417;1663765072;808438;1663765072;808371;-0.27917722661842914
1663765072;828300;1663765072;828321;1663765072;828256;-0.27578852078645943
1663765072;848018;1663765072;848042;1663765072;847959;-0.265361733611168
1663765072;868404;1663765072;868426;1663765072;868360;-0.2572809735503171
1663765072;888414;1663765072;888435;1663765072;888370;-0.2489395438100839
1663765072;908096;1663765072;908117;1663765072;908051;-0.24450815926058503
1663765072;928467;1663765072;928489;1663765072;928422;-0.23043199657394153
1663765072;948389;1663765072;948411;1663765072;948341;-0.2252186029862958
1663765072;968432;1663765072;968454;1663765072;968383;-0.2095784222233586
1663765072;988036;1663765072;988058;1663765072;987987;-0.2038436892769483
1663765073;8567;1663765073;8589;1663765073;8522;-0.18611815107895277
1663765073;28651;1663765073;28673;1663765073;28606;-0.18012274845316018
1663765073;48166;1663765073;48205;1663765073;48121;-0.16839261288095728
1663765073;68023;1663765073;68045;1663765073;67979;-0.1498850656448149
1663765073;88433;1663765073;88456;1663765073;88387;-0.13737292103446513
1663765073;108447;1663765073;108469;1663765073;108403;-0.12486077642411537
1663765073;128384;1663765073;128406;1663765073;128340;-0.11886537379832278
1663765073;148029;1663765073;148052;1663765073;147981;-0.10609255950859073
1663765073;168406;1663765073;168429;1663765073;168357;-0.08914903034874208
1663765073;188207;1663765073;188234;1663765073;188147;-0.07872224317345061
1663765073;208171;1663765073;208192;1663765073;208126;-0.06803478631877685
1663765073;228468;1663765073;228490;1663765073;228424;-0.06308206241051341
1663765073;248400;1663765073;248422;1663765073;248356;-0.05317661459398651
1663765073;268209;1663765073;268232;1663765073;268161;-0.03910045190734302
1663765073;288169;1663765073;288190;1663765073;288121;-0.03101969184649213
1663765073;308555;1663765073;308577;1663765073;308511;-0.027370316335140116
1663765073;328643;1663765073;328664;1663765073;328599;-0.02033223499181837
1663765073;348067;1663765073;348088;1663765073;348021;-0.013554823327878914
1663765073;368133;1663765073;368154;1663765073;368088;-0.0046920542288811625
1663765073;388452;1663765073;388474;1663765073;388404;0.0010426787175291472
1663765073;408426;1663765073;408447;1663765073;408381;0.00651674198455717
1663765073;428288;1663765073;428310;1663765073;428244;0.009123438778380039
1663765073;448111;1663765073;448133;1663765073;448063;0.0177255381979955
1663765073;468405;1663765073;468426;1663765073;468361;0.023981610503170388
1663765073;488229;1663765073;488251;1663765073;488181;0.030759022167109844
1663765073;508116;1663765073;508138;1663765073;508071;0.03466906735784415
1663765073;528584;1663765073;528606;1663765073;528535;0.042749827418695034
1663765073;548415;1663765073;548437;1663765073;548371;0.05187326619707507
1663765073;568209;1663765073;568231;1663765073;568160;0.06751344696001228
1663765073;588086;1663765073;588108;1663765073;588037;0.0792435825322152
1663765073;608566;1663765073;608588;1663765073;608523;0.09175572714256496
1663765073;628637;1663765073;628658;1663765073;628592;0.09853313880650441
1663765073;648127;1663765073;648149;1663765073;648078;0.11286997117253018
1663765073;668050;1663765073;668072;1663765073;668001;0.13476622424064227
1663765073;688419;1663765073;688440;1663765073;688375;0.1498850656448149
1663765073;708450;1663765073;708472;1663765073;708406;0.15744448634690122
1663765073;728306;1663765073;728327;1663765073;728261;0.18012274845316018
1663765073;748026;1663765073;748048;1663765073;747978;0.19498092017795052
1663765073;768398;1663765073;768419;1663765073;768354;0.2095784222233586
1663765073;788187;1663765073;788208;1663765073;788141;0.21687717324606262
1663765073;808083;1663765073;808104;1663765073;808038;0.23747007791726327
1663765073;828477;1663765073;828500;1663765073;828433;0.24398681990182045
1663765073;848403;1663765073;848426;1663765073;848357;0.2567596341915525
1663765073;868225;1663765073;868249;1663765073;868175;0.2687504394431377
1663765073;888083;1663765073;888104;1663765073;888037;0.28543329892360403
1663765073;908355;1663765073;908377;1663765073;908311;0.29559941641951326
1663765073;928655;1663765073;928676;1663765073;928611;0.3002914706483944
1663765073;948062;1663765073;948086;1663765073;948012;0.3088935700680099
1663765073;968048;1663765073;968071;1663765073;968000;0.31958102692268364
1663765073;988426;1663765073;988450;1663765073;988380;0.32583709922785853
1663765074;8445;1663765074;8469;1663765074;8394;0.33078982313612193
1663765074;28341;1663765074;28362;1663765074;28296;0.3331358502505625
1663765074;48017;1663765074;48039;1663765074;47973;0.33887058319697283
1663765074;68439;1663765074;68461;1663765074;68394;0.341737949670178
1663765074;88451;1663765074;88473;1663765074;88403;0.3433019677464717
1663765074;108132;1663765074;108154;1663765074;108083;0.3438233071052363
1663765074;128514;1663765074;128535;1663765074;128470;0.3440839767846186
1663765074;148420;1663765074;148442;1663765074;148375;0.3440839767846186
1663765074;168434;1663765074;168455;1663765074;168389;0.3440839767846186
1663765074;188115;1663765074;188137;1663765074;188068;0.3440839767846186
1663765074;208359;1663765074;208380;1663765074;208314;0.3440839767846186
1663765074;228689;1663765074;228712;1663765074;228629;0.3440839767846186
1663765074;248136;1663765074;248158;1663765074;248092;0.3440839767846186
1663765074;268067;1663765074;268090;1663765074;268020;0.3438233071052363
1663765074;288436;1663765074;288457;1663765074;288392;0.3438233071052363
1663765074;308440;1663765074;308461;1663765074;308396;0.3440839767846186
1663765074;328435;1663765074;328456;1663765074;328390;0.3440839767846186
1663765074;348092;1663765074;348114;1663765074;348048;0.3438233071052363
1663765074;368422;1663765074;368444;1663765074;368378;0.3440839767846186
1663765074;388204;1663765074;388225;1663765074;388159;0.3440839767846186
1663765074;408182;1663765074;408204;1663765074;408134;0.3440839767846186
1663765074;428482;1663765074;428504;1663765074;428438;0.3440839767846186
1663765074;448452;1663765074;448474;1663765074;448405;0.3438233071052363
1663765074;468228;1663765074;468250;1663765074;468181;0.3433019677464717
1663765074;488190;1663765074;488212;1663765074;488142;0.3422592890289426
1663765074;508368;1663765074;508390;1663765074;508324;0.3414772799907957
1663765074;528674;1663765074;528696;1663765074;528626;0.3404346012732666
1663765074;548056;1663765074;548080;1663765074;548001;0.338088574158826
1663765074;568139;1663765074;568161;1663765074;568091;0.3360032167237677
1663765074;588436;1663765074;588458;1663765074;588392;0.3336571896093271
1663765074;608436;1663765074;608458;1663765074;608392;0.33052915345673967
1663765074;628287;1663765074;628310;1663765074;628238;0.32896513538044597
1663765074;648139;1663765074;648161;1663765074;648090;0.3232304024340356
1663765074;668434;1663765074;668455;1663765074;668388;0.31879901788453674
1663765074;688234;1663765074;688256;1663765074;688189;0.313585624296891
1663765074;708135;1663765074;708156;1663765074;708090;0.30759022167109845
1663765074;728598;1663765074;728619;1663765074;728554;0.300812810007159
1663765074;748429;1663765074;748450;1663765074;748384;0.2969027648164247
1663765074;768236;1663765074;768258;1663765074;768188;0.2846512898854572
1663765074;788100;1663765074;788122;1663765074;788052;0.27552785110707717
1663765074;808610;1663765074;808632;1663765074;808566;0.26614374264931484
1663765074;828661;1663765074;828683;1663765074;828617;0.2611910187410514
1663765074;848115;1663765074;848137;1663765074;848066;0.24607217733687875
1663765074;868076;1663765074;868098;1663765074;868027;0.2351240508028227
1663765074;888461;1663765074;888483;1663765074;888412;0.22391525458938435
1663765074;908460;1663765074;908482;1663765074;908412;0.21270645837594604
1663765074;928367;1663765074;928389;1663765074;928323;0.207232395108918
1663765074;948033;1663765074;948056;1663765074;947986;0.19028886594906938
1663765074;968429;1663765074;968450;1663765074;968385;0.17934073941501333
1663765074;988469;1663765074;988490;1663765074;988425;0.17412734582736758
1663765075;8153;1663765075;8175;1663765075;8105;0.1582264953850481
1663765075;28530;1663765075;28551;1663765075;28483;0.15327377147678464
1663765075;48430;1663765075;48453;1663765075;48380;0.14310765398087547
1663765075;68240;1663765075;68262;1663765075;68196;0.13372354552311314
1663765075;88114;1663765075;88136;1663765075;88065;0.11964738283646964
1663765075;108638;1663765075;108660;1663765075;108594;0.1107846137374719
1663765075;128672;1663765075;128694;1663765075;128626;0.10635322918797302
1663765075;148081;1663765075;148112;1663765075;148026;0.09775112976835755
1663765075;168084;1663765075;168106;1663765075;168037;0.08523898515800779
1663765075;188453;1663765075;188476;1663765075;188407;0.08132893996727349
1663765075;208475;1663765075;208498;1663765075;208429;0.069077465036306
1663765075;228350;1663765075;228373;1663765075;228300;0.0651674198455717
1663765075;248079;1663765075;248101;1663765075;248034;0.054219293311515655
1663765075;268469;1663765075;268490;1663765075;268424;0.047181211968193915
1663765075;288487;1663765075;288509;1663765075;288443;0.04092513966301903
1663765075;308119;1663765075;308142;1663765075;308074;0.038057773189813876
1663765075;328553;1663765075;328575;1663765075;328510;0.030498352487727556
1663765075;348434;1663765075;348456;1663765075;348390;0.02841299505266926
1663765075;368490;1663765075;368511;1663765075;368434;0.023981610503170388
1663765075;388113;1663765075;388134;1663765075;388068;0.023199601465023527
1663765075;408638;1663765075;408660;1663765075;408593;0.022417592426876666
1663765075;428684;1663765075;428706;1663765075;428640;0.022417592426876666
1663765075;448206;1663765075;448227;1663765075;448162;0.022417592426876666
1663765075;468117;1663765075;468139;1663765075;468069;0.023199601465023527
1663765075;488496;1663765075;488518;1663765075;488447;0.02346027114440581
1663765075;508491;1663765075;508515;1663765075;508438;0.02346027114440581
1663765075;528433;1663765075;528454;1663765075;528388;0.02346027114440581
1663765075;548068;1663765075;548091;1663765075;548020;0.02346027114440581
1663765075;568469;1663765075;568490;1663765075;568424;0.02346027114440581
1663765075;588285;1663765075;588307;1663765075;588241;0.02346027114440581
1663765075;608264;1663765075;608286;1663765075;608219;0.02346027114440581
1663765075;628540;1663765075;628561;1663765075;628495;0.02346027114440581
1663765075;648461;1663765075;648483;1663765075;648417;0.02346027114440581
1663765075;668263;1663765075;668284;1663765075;668219;0.02346027114440581
1663765075;688221;1663765075;688243;1663765075;688172;0.02346027114440581
1663765075;708401;1663765075;708423;1663765075;708357;0.02346027114440581
1663765075;728705;1663765075;728726;1663765075;728660;0.02346027114440581
1663765075;748132;1663765075;748154;1663765075;748083;0.02346027114440581
1663765075;768191;1663765075;768213;1663765075;768147;0.02346027114440581
1663765075;788500;1663765075;788521;1663765075;788456;0.023199601465023527
1663765075;808479;1663765075;808500;1663765075;808435;0.022417592426876666
1663765075;828369;1663765075;828392;1663765075;828323;0.022417592426876666
1663765075;848182;1663765075;848204;1663765075;848138;0.022417592426876666
1663765075;868477;1663765075;868499;1663765075;868433;0.022417592426876666
1663765075;888262;1663765075;888284;1663765075;888217;0.022417592426876666
1663765075;908188;1663765075;908210;1663765075;908142;0.022417592426876666
1663765075;928636;1663765075;928659;1663765075;928578;0.022417592426876666
1663765075;948491;1663765075;948525;1663765075;948441;0.022417592426876666
1663765075;968279;1663765075;968300;1663765075;968234;0.022417592426876666
1663765075;988159;1663765075;988181;1663765075;988110;0.022417592426876666
1663765076;8657;1663765076;8679;1663765076;8611;0.022417592426876666
1663765076;28724;1663765076;28747;1663765076;28678;0.022417592426876666
1663765076;48120;1663765076;48142;1663765076;48076;0.022417592426876666
1663765076;68120;1663765076;68142;1663765076;68071;0.022417592426876666
1663765076;88512;1663765076;88534;1663765076;88464;0.022417592426876666
1663765076;108527;1663765076;108549;1663765076;108478;0.022417592426876666
1663765076;128388;1663765076;128410;1663765076;128341;0.022417592426876666
1663765076;148120;1663765076;148142;1663765076;148072;0.022417592426876666
1663765076;168476;1663765076;168497;1663765076;168432;0.022417592426876666
1663765076;188280;1663765076;188302;1663765076;188236;0.022417592426876666
1663765076;208197;1663765076;208220;1663765076;208148;0.022417592426876666
1663765076;228579;1663765076;228601;1663765076;228535;0.022417592426876666
1663765076;248489;1663765076;248510;1663765076;248440;0.022417592426876666
1663765076;268256;1663765076;268279;1663765076;268210;0.022417592426876666
1663765076;288175;1663765076;288197;1663765076;288127;0.022156922747494378
1663765076;308660;1663765076;308682;1663765076;308615;0.022156922747494378
1663765076;328751;1663765076;328773;1663765076;328707;0.022156922747494378
1663765076;348122;1663765076;348144;1663765076;348078;0.022156922747494378
1663765076;368152;1663765076;368174;1663765076;368105;0.022156922747494378
1663765076;388518;1663765076;388540;1663765076;388474;0.022156922747494378
1663765076;408510;1663765076;408533;1663765076;408462;0.022156922747494378
1663765076;428380;1663765076;428404;1663765076;428330;0.022156922747494378
1663765076;448121;1663765076;448143;1663765076;448064;0.022156922747494378
1663765076;468515;1663765076;468536;1663765076;468470;0.022156922747494378
1663765076;488529;1663765076;488550;1663765076;488485;0.022156922747494378
