sent.seconds;sent.microseconds;received.seconds;received.microseconds;sampleTimeStamp.seconds;sampleTimeStamp.microseconds;SteeringWhlAngle
1663765070;88370;1663765070;88392;1663765070;88326;0.0061724930376170495
1663765070;108339;1663765070;108361;1663765070;108295;0.0061724930376170495
1663765070;128263;1663765070;128285;1663765070;128218;0.0061724930376170495
1663765070;147966;1663765070;147988;1663765070;147917;0.0061724930376170495
1663765070;168378;1663765070;168412;1663765070;168328;0.0061724930376170495
1663765070;188122;1663765070;188143;1663765070;188077;0.0061724930376170495
1663765070;208059;1663765070;208082;1663765070;208010;0.0061724930376170495
1663765070;228433;1663765070;228469;1663765070;228375;0.0061724930376170495
1663765070;248336;1663765070;248359;1663765070;248289;0.0061724930376170495
1663765070;268158;1663765070;268180;1663765070;268110;0.0061724930376170495
1663765070;288025;1663765070;288047;1663765070;287981;0.0061724930376170495
1663765070;308499;1663765070;308522;1663765070;308449;0.005760993501775912
1663765070;328571;1663765070;328592;1663765070;328526;0.005349493965934776
1663765070;347982;1663765070;348005;1663765070;347925;0.004114995358411366
1663765070;367993;1663765070;368015;1663765070;367945;0.0008229990716822732
1663765070;388353;1663765070;388376;1663765070;388305;-0.0012344986075234097
1663765070;408347;1663765070;408368;1663765070;408302;-0.004114995358411366
1663765070;428250;1663765070;428272;1663765070;428202;-0.005349493965934776
1663765070;448002;1663765070;448030;1663765070;447938;-0.010287488396028416
1663765070;468375;1663765070;468396;1663765070;468330;-0.013990984218598644
1663765070;488374;1663765070;488395;1663765070;488325;-0.017282980505327738
1663765070;508075;1663765070;508098;1663765070;508027;-0.01934047818453342
1663765070;528428;1663765070;528450;1663765070;528384;-0.02180947539958024
1663765070;548351;1663765070;548373;1663765070;548307;-0.023455473542944787
1663765070;568373;1663765070;568395;1663765070;568325;-0.023866973078785922
1663765070;588027;1663765070;588049;1663765070;587983;-0.023866973078785922
1663765070;608485;1663765070;608507;1663765070;608441;-0.023866973078785922
1663765070;628600;1663765070;628633;1663765070;628544;-0.023866973078785922
1663765070;648113;1663765070;648135;1663765070;648064;-0.023866973078785922
1663765070;668018;1663765070;668040;1663765070;667969;-0.023866973078785922
1663765070;688371;1663765070;688394;1663765070;688323;-0.02427847261462706
1663765070;708373;1663765070;708394;1663765070;708329;-0.02427847261462706
1663765070;728341;1663765070;728364;1663765070;728293;-0.02427847261462706
1663765070;747980;1663765070;748003;1663765070;747932;-0.02427847261462706
1663765070;768361;1663765070;768383;1663765070;768317;-0.02427847261462706
1663765070;788131;1663765070;788153;1663765070;788087;-0.02427847261462706
1663765070;808145;1663765070;808166;1663765070;808100;-0.024689972150468198
1663765070;828473;1663765070;828495;1663765070;828424;-0.02427847261462706
1663765070;848363;1663765070;848386;1663765070;848317;-0.024689972150468198
1663765070;868146;1663765070;868168;1663765070;868101;-0.024689972150468198
1663765070;888100;1663765070;888121;1663765070;888056;-0.024689972150468198
1663765070;908528;1663765070;908549;1663765070;908484;-0.024689972150468198
1663765070;928591;1663765070;928614;1663765070;928544;-0.024689972150468198
1663765070;948015;1663765070;948038;1663765070;947964;-0.024689972150468198
1663765070;968105;1663765070;968127;1663765070;968057;-0.024689972150468198
1663765070;988361;1663765070;988382;1663765070;988317;-0.024689972150468198
1663765071;8407;1663765071;8429;1663765071;8360;-0.024689972150468198
1663765071;28269;1663765071;28291;1663765071;28221;-0.024689972150468198
1663765071;48057;1663765071;48079;1663765071;48013;-0.024689972150468198
1663765071;68397;1663765071;68422;1663765071;68335;-0.024689972150468198
1663765071;88159;1663765071;88181;1663765071;88111;-0.024689972150468198
1663765071;108055;1663765071;108076;1663765071;108011;-0.024689972150468198
1663765071;128542;1663765071;128565;1663765071;128493;-0.024689972150468198
1663765071;148342;1663765071;148365;1663765071;148296;-0.024689972150468198
1663765071;168136;1663765071;168158;1663765071;168091;-0.024689972150468198
1663765071;188024;1663765071;188045;1663765071;187980;-0.024689972150468198
1663765071;208517;1663765071;208538;1663765071;208473;-0.02551297122215047
1663765071;228597;1663765071;228620;1663765071;228544;-0.025924470757991605
1663765071;248032;1663765071;248054;1663765071;247988;-0.028804967508879564
1663765071;267999;1663765071;268021;1663765071;267955;-0.03415446147481434
1663765071;288391;1663765071;288413;1663765071;288347;-0.03991545497659025
1663765071;308410;1663765071;308434;1663765071;308361;-0.04361895079916048
1663765071;328282;1663765071;328304;1663765071;328233;-0.055963936874394576
1663765071;347992;1663765071;348015;1663765071;347943;-0.06049043176864708
1663765071;368358;1663765071;368380;1663765071;368314;-0.07736191273813368
1663765071;388157;1663765071;388179;1663765071;388110;-0.08312290623990959
1663765071;408095;1663765071;408117;1663765071;408048;-0.09587939185098483
1663765071;428424;1663765071;428447;1663765071;428376;-0.11069337514126575
1663765071;448361;1663765071;448383;1663765071;448313;-0.12633035750322893
1663765071;468147;1663765071;468168;1663765071;468101;-0.1436133380085567
1663765071;488035;1663765071;488057;1663765071;487986;-0.1707723073740717
1663765071;508512;1663765071;508534;1663765071;508469;-0.18928978648692285
1663765071;528584;1663765071;528606;1663765071;528538;-0.19875427581126898
1663765071;548031;1663765071;548054;1663765071;547984;-0.21727175492412013
1663765071;568006;1663765071;568041;1663765071;567951;-0.2448422238254763
1663765071;588393;1663765071;588432;1663765071;588329;-0.26335970293832744
1663765071;608401;1663765071;608425;1663765071;608354;-0.28146568251533743
1663765071;628275;1663765071;628296;1663765071;628230;-0.2901071727680013
1663765071;647987;1663765071;648008;1663765071;647940;-0.3160316435259929
1663765071;668399;1663765071;668421;1663765071;668354;-0.33249162495963835
1663765071;688408;1663765071;688430;1663765071;688359;-0.349363105929125
1663765071;708064;1663765071;708085;1663765071;708019;-0.35718159711010655
1663765071;728471;1663765071;728494;1663765071;728410;-0.38063707065305136
1663765071;748351;1663765071;748375;1663765071;748306;-0.3880440622981918
1663765071;768402;1663765071;768424;1663765071;768354;-0.40985353769777205
1663765071;788088;1663765071;788110;1663765071;788040;-0.41643753027123026
1663765071;808530;1663765071;808552;1663765071;808481;-0.43577800845576364
1663765071;828605;1663765071;828629;1663765071;828557;-0.4415390019575396
1663765071;848102;1663765071;848124;1663765071;848053;-0.4530609889610914
1663765071;868020;1663765071;868042;1663765071;867974;-0.46910947085889576
1663765071;888417;1663765071;888439;1663765071;888361;-0.4785739601832419
1663765071;908395;1663765071;908417;1663765071;908346;-0.48268895554165325
1663765071;928360;1663765071;928384;1663765071;928313;-0.4913304457943171
1663765071;947978;1663765071;948002;1663765071;947924;-0.4987374374394576
1663765071;968376;1663765071;968398;1663765071;968332;-0.5086134262996449
1663765071;988153;1663765071;988174;1663765071;988109;-0.5110824235146917
1663765072;8105;1663765072;8127;1663765072;8061;-0.5176664160881499
1663765072;28457;1663765072;28481;1663765072;28404;-0.5193124142315144
1663765072;48358;1663765072;48379;1663765072;48314;-0.5213699119107201
1663765072;68174;1663765072;68196;1663765072;68125;-0.5230159100540847
1663765072;88138;1663765072;88159;1663765072;88094;-0.5230159100540847
1663765072;108559;1663765072;108580;1663765072;108515;-0.5230159100540847
1663765072;128631;1663765072;128653;1663765072;128581;-0.5230159100540847
1663765072;148010;1663765072;148031;1663765072;147966;-0.5230159100540847
1663765072;168108;1663765072;168130;1663765072;168064;-0.5230159100540847
1663765072;188409;1663765072;188431;1663765072;188364;-0.5230159100540847
1663765072;208412;1663765072;208435;1663765072;208366;-0.5230159100540847
1663765072;228270;1663765072;228293;1663765072;228222;-0.5230159100540847
1663765072;248075;1663765072;248097;1663765072;248031;-0.5230159100540847
1663765072;268401;1663765072;268423;1663765072;268357;-0.5230159100540847
1663765072;288174;1663765072;288197;1663765072;288127;-0.5230159100540847
1663765072;308120;1663765072;308155;1663765072;308068;-0.5230159100540847
1663765072;328507;1663765072;328529;1663765072;328463;-0.5230159100540847
1663765072;348375;1663765072;348396;1663765072;348331;-0.5230159100540847
1663765072;368183;1663765072;368205;1663765072;368135;-0.5230159100540847
1663765072;388052;1663765072;388074;1663765072;388004;-0.5230159100540847
1663765072;408574;1663765072;408596;1663765072;408530;-0.5230159100540847
1663765072;428642;1663765072;428664;1663765072;428594;-0.5230159100540847
1663765072;448043;1663765072;448064;1663765072;447998;-0.5230159100540847
1663765072;468027;1663765072;468048;1663765072;467981;-0.5230159100540847
1663765072;488432;1663765072;488454;1663765072;488383;-0.5230159100540847
1663765072;508435;1663765072;508458;1663765072;508388;-0.5213699119107201
1663765072;528305;1663765072;528327;1663765072;528257;-0.5205469128390379
1663765072;548006;1663765072;548028;1663765072;547962;-0.518077915623991
1663765072;568363;1663765072;568384;1663765072;568319;-0.5131399211938974
1663765072;588172;1663765072;588194;1663765072;588123;-0.5110824235146917
1663765072;608092;1663765072;608113;1663765072;608047;-0.5053214300129157
1663765072;628441;1663765072;628463;1663765072;628392;-0.50326393233371
1663765072;648405;1663765072;648427;1663765072;648355;-0.4991489369752987
1663765072;668185;1663765072;668207;1663765072;668137;-0.4942109425452051
1663765072;688070;1663765072;688092;1663765072;688021;-0.4868039509000646
1663765072;708547;1663765072;708571;1663765072;708496;-0.4843349536850178
1663765072;728624;1663765072;728645;1663765072;728580;-0.4785739601832419
1663765072;748118;1663765072;748142;1663765072;748064;-0.4711669685381014
1663765072;768045;1663765072;768067;1663765072;768001;-0.45923348199870845
1663765072;788450;1663765072;788474;1663765072;788398;-0.4505919917460446
1663765072;808417;1663765072;808438;1663765072;808371;-0.4407160028858573
1663765072;828300;1663765072;828321;1663765072;828256;-0.4353665089199225
1663765072;848018;1663765072;848042;1663765072;847959;-0.41890652748627705
1663765072;868404;1663765072;868426;1663765072;868360;-0.4061500418752018
1663765072;888414;1663765072;888435;1663765072;888370;-0.39298205672828546
1663765072;908096;1663765072;908117;1663765072;908051;-0.3859865646189861
1663765072;928467;1663765072;928489;1663765072;928422;-0.36376558968356476
1663765072;948389;1663765072;948411;1663765072;948341;-0.35553559896674203
1663765072;968432;1663765072;968454;1663765072;968383;-0.33084562681627383
1663765072;988036;1663765072;988058;1663765072;987987;-0.32179263702776884
1663765073;8567;1663765073;8589;1663765073;8522;-0.29381066859057153
1663765073;28651;1663765073;28673;1663765073;28606;-0.2843461792662254
1663765073;48166;1663765073;48205;1663765073;48121;-0.26582870015337423
1663765073;68023;1663765073;68045;1663765073;67979;-0.23661223310865356
1663765073;88433;1663765073;88456;1663765073;88387;-0.216860255388279
1663765073;108447;1663765073;108469;1663765073;108403;-0.19710827766790442
1663765073;128384;1663765073;128406;1663765073;128340;-0.1876437883435583
1663765073;148029;1663765073;148052;1663765073;147981;-0.1674803110873426
1663765073;168406;1663765073;168429;1663765073;168357;-0.14073284125766872
1663765073;188207;1663765073;188234;1663765073;188147;-0.12427285982402325
1663765073;208171;1663765073;208192;1663765073;208126;-0.10740137885453666
1663765073;228468;1663765073;228490;1663765073;228424;-0.09958288767355505
1663765073;248400;1663765073;248422;1663765073;248356;-0.08394590531159186
1663765073;268209;1663765073;268232;1663765073;268161;-0.061724930376170495
1663765073;288169;1663765073;288190;1663765073;288121;-0.04896844476509526
1663765073;308555;1663765073;308577;1663765073;308511;-0.043207451263319346
1663765073;328643;1663765073;328664;1663765073;328599;-0.032096963795608655
1663765073;348067;1663765073;348088;1663765073;348021;-0.021397975863739104
1663765073;368133;1663765073;368154;1663765073;368088;-0.007406991645140459
1663765073;388452;1663765073;388474;1663765073;388404;0.0016459981433645464
1663765073;408426;1663765073;408447;1663765073;408381;0.010287488396028416
1663765073;428288;1663765073;428310;1663765073;428244;0.014402483754439782
1663765073;448111;1663765073;448133;1663765073;448063;0.027981968437197288
1663765073;468405;1663765073;468426;1663765073;468361;0.037857957297384566
1663765073;488229;1663765073;488251;1663765073;488181;0.04855694522925412
1663765073;508116;1663765073;508138;1663765073;508071;0.05472943826687117
1663765073;528584;1663765073;528606;1663765073;528535;0.0674859238779464
1663765073;548415;1663765073;548437;1663765073;548371;0.08188840763238618
1663765073;568209;1663765073;568231;1663765073;568160;0.10657837978285438
1663765073;588086;1663765073;588108;1663765073;588037;0.12509585889570554
1663765073;608566;1663765073;608588;1663765073;608523;0.14484783661608008
1663765073;628637;1663765073;628658;1663765073;628592;0.15554682454794963
1663765073;648127;1663765073;648149;1663765073;648078;0.17817929901921215
1663765073;668050;1663765073;668072;1663765073;668001;0.21274526002986763
1663765073;688419;1663765073;688440;1663765073;688375;0.23661223310865356
1663765073;708450;1663765073;708472;1663765073;708406;0.2485457196480465
1663765073;728306;1663765073;728327;1663765073;728261;0.2843461792662254
1663765073;748026;1663765073;748048;1663765073;747978;0.3078016528091702
1663765073;768398;1663765073;768419;1663765073;768354;0.33084562681627383
1663765073;788187;1663765073;788208;1663765073;788141;0.34236761381982567
1663765073;808083;1663765073;808104;1663765073;808038;0.37487607715127547
1663765073;828477;1663765073;828500;1663765073;828433;0.38516356554730385
1663765073;848403;1663765073;848426;1663765073;848357;0.40532704280351955
1663765073;868225;1663765073;868249;1663765073;868175;0.42425602145221186
1663765073;888083;1663765073;888104;1663765073;888037;0.4505919917460446
1663765073;908355;1663765073;908377;1663765073;908311;0.4666404736438489
1663765073;928655;1663765073;928676;1663765073;928611;0.4740474652889894
1663765073;948062;1663765073;948086;1663765073;948012;0.4876269499717469
1663765073;968048;1663765073;968071;1663765073;968000;0.5044984309412335
1663765073;988426;1663765073;988450;1663765073;988380;0.5143744198014207
1663765074;8445;1663765074;8469;1663765074;8394;0.5221929109824024
1663765074;28341;1663765074;28362;1663765074;28296;0.5258964068049726
1663765074;48017;1663765074;48039;1663765074;47973;0.5349493965934776
1663765074;68439;1663765074;68461;1663765074;68394;0.5394758914877301
1663765074;88451;1663765074;88473;1663765074;88403;0.5419448887027769
1663765074;108132;1663765074;108154;1663765074;108083;0.5427678877744592
1663765074;128514;1663765074;128535;1663765074;128470;0.5431793873103004
1663765074;148420;1663765074;148442;1663765074;148375;0.5431793873103004
1663765074;168434;1663765074;168455;1663765074;168389;0.5431793873103004
1663765074;188115;1663765074;188137;1663765074;188068;0.5431793873103004
1663765074;208359;1663765074;208380;1663765074;208314;0.5431793873103004
1663765074;228689;1663765074;228712;1663765074;228629;0.5431793873103004
1663765074;248136;1663765074;248158;1663765074;248092;0.5431793873103004
1663765074;268067;1663765074;268090;1663765074;268020;0.5427678877744592
1663765074;288436;1663765074;288457;1663765074;288392;0.5427678877744592
1663765074;308440;1663765074;308461;1663765074;308396;0.5431793873103004
1663765074;328435;1663765074;328456;1663765074;328390;0.5431793873103004
1663765074;348092;1663765074;348114;1663765074;348048;0.5427678877744592
1663765074;368422;1663765074;368444;1663765074;368378;0.5431793873103004
1663765074;388204;1663765074;388225;1663765074;388159;0.5431793873103004
1663765074;408182;1663765074;408204;1663765074;408134;0.5431793873103004
1663765074;428482;1663765074;428504;1663765074;428438;0.5431793873103004
1663765074;448452;1663765074;448474;1663765074;448405;0.5427678877744592
1663765074;468228;1663765074;468250;1663765074;468181;0.5419448887027769
1663765074;488190;1663765074;488212;1663765074;488142;0.5402988905594124
1663765074;508368;1663765074;508390;1663765074;508324;0.5390643919518889
1663765074;528674;1663765074;528696;1663765074;528626;0.5374183938085244
1663765074;548056;1663765074;548080;1663765074;548001;0.5337148979859542
1663765074;568139;1663765074;568161;1663765074;568091;0.5304229016992251
1663765074;588436;1663765074;588458;1663765074;588392;0.5267194058766549
1663765074;608436;1663765074;608458;1663765074;608392;0.5217814114465612
1663765074;628287;1663765074;628310;1663765074;628238;0.5193124142315144
1663765074;648139;1663765074;648161;1663765074;648090;0.5102594244430094
1663765074;668434;1663765074;668455;1663765074;668388;0.50326393233371
1663765074;688234;1663765074;688256;1663765074;688189;0.49503394161688735
1663765074;708135;1663765074;708156;1663765074;708090;0.4855694522925412
1663765074;728598;1663765074;728619;1663765074;728554;0.47487046436067165
1663765074;748429;1663765074;748450;1663765074;748384;0.4686979713230546
1663765074;768236;1663765074;768258;1663765074;768188;0.4493574931385212
1663765074;788100;1663765074;788122;1663765074;788052;0.4349550093840814
1663765074;808610;1663765074;808632;1663765074;808566;0.4201410260938005
1663765074;828661;1663765074;828683;1663765074;828617;0.4123225349128189
1663765074;848115;1663765074;848137;1663765074;848066;0.38845556183403296
1663765074;868076;1663765074;868098;1663765074;868027;0.37117258132870523
1663765074;888461;1663765074;888483;1663765074;888412;0.3534781012875364
1663765074;908460;1663765074;908482;1663765074;908412;0.33578362124636746
1663765074;928367;1663765074;928389;1663765074;928323;0.3271421309937036
1663765074;948033;1663765074;948056;1663765074;947986;0.30039466116402974
1663765074;968429;1663765074;968450;1663765074;968385;0.283111680658702
1663765074;988469;1663765074;988490;1663765074;988425;0.2748816899418793
1663765075;8153;1663765075;8175;1663765075;8105;0.24978021825556992
1663765075;28530;1663765075;28551;1663765075;28483;0.24196172707458832
1663765075;48430;1663765075;48453;1663765075;48380;0.225913245176784
1663765075;68240;1663765075;68262;1663765075;68196;0.21109926188650308
1663765075;88114;1663765075;88136;1663765075;88065;0.1888782869510817
1663765075;108638;1663765075;108660;1663765075;108594;0.17488730273248307
1663765075;128672;1663765075;128694;1663765075;128626;0.16789181062318373
1663765075;148081;1663765075;148112;1663765075;148026;0.15431232594042624
1663765075;168084;1663765075;168106;1663765075;168037;0.13456034822005167
1663765075;188453;1663765075;188476;1663765075;188407;0.12838785518243462
1663765075;208475;1663765075;208498;1663765075;208429;0.10904737699790121
1663765075;228350;1663765075;228373;1663765075;228300;0.10287488396028416
1663765075;248079;1663765075;248101;1663765075;248034;0.08559190345495642
1663765075;268469;1663765075;268490;1663765075;268424;0.07448141598724572
1663765075;288487;1663765075;288509;1663765075;288443;0.06460542712705845
1663765075;308119;1663765075;308142;1663765075;308074;0.06007893223280594
1663765075;328553;1663765075;328575;1663765075;328510;0.04814544569341298
1663765075;348434;1663765075;348456;1663765075;348390;0.04485344940668389
1663765075;368490;1663765075;368511;1663765075;368434;0.037857957297384566
1663765075;388113;1663765075;388134;1663765075;388068;0.03662345868986116
1663765075;408638;1663765075;408660;1663765075;408593;0.03538896008233775
1663765075;428684;1663765075;428706;1663765075;428640;0.03538896008233775
1663765075;448206;1663765075;448227;1663765075;448162;0.03538896008233775
1663765075;468117;1663765075;468139;1663765075;468069;0.03662345868986116
1663765075;488496;1663765075;488518;1663765075;488447;0.0370349582257023
1663765075;508491;1663765075;508515;1663765075;508438;0.0370349582257023
1663765075;528433;1663765075;528454;1663765075;528388;0.0370349582257023
1663765075;548068;1663765075;548091;1663765075;548020;0.0370349582257023
1663765075;568469;1663765075;568490;1663765075;568424;0.0370349582257023
1663765075;588285;1663765075;588307;1663765075;588241;0.0370349582257023
1663765075;608264;1663765075;608286;1663765075;608219;0.0370349582257023
1663765075;628540;1663765075;628561;1663765075;628495;0.0370349582257023
1663765075;648461;1663765075;648483;1663765075;648417;0.0370349582257023
1663765075;668263;1663765075;668284;1663765075;668219;0.0370349582257023
1663765075;688221;1663765075;688243;1663765075;688172;0.0370349582257023
1663765075;708401;1663765075;708423;1663765075;708357;0.0370349582257023
1663765075;728705;1663765075;728726;1663765075;728660;0.0370349582257023
1663765075;748132;1663765075;748154;1663765075;748083;0.0370349582257023
1663765075;768191;1663765075;768213;1663765075;768147;0.0370349582257023
1663765075;788500;1663765075;788521;1663765075;788456;0.03662345868986116
1663765075;808479;1663765075;808500;1663765075;808435;0.03538896008233775
1663765075;828369;1663765075;828392;1663765075;828323;0.03538896008233775
1663765075;848182;1663765075;848204;1663765075;848138;0.03538896008233775
1663765075;868477;1663765075;868499;1663765075;868433;0.03538896008233775
1663765075;888262;1663765075;888284;1663765075;888217;0.03538896008233775
1663765075;908188;1663765075;908210;1663765075;908142;0.03538896008233775
1663765075;928636;1663765075;928659;1663765075;928578;0.03538896008233775
1663765075;948491;1663765075;948525;1663765075;948441;0.03538896008233775
1663765075;968279;1663765075;968300;1663765075;968234;0.03538896008233775
1663765075;988159;1663765075;988181;1663765075;988110;0.03538896008233775
1663765076;8657;1663765076;8679;1663765076;8611;0.03538896008233775
1663765076;28724;1663765076;28747;1663765076;28678;0.03538896008233775
1663765076;48120;1663765076;48142;1663765076;48076;0.03538896008233775
1663765076;68120;1663765076;68142;1663765076;68071;0.03538896008233775
1663765076;88512;1663765076;88534;1663765076;88464;0.03538896008233775
1663765076;108527;1663765076;108549;1663765076;108478;0.03538896008233775
1663765076;128388;1663765076;128410;1663765076;128341;0.03538896008233775
1663765076;148120;1663765076;148142;1663765076;148072;0.03538896008233775
1663765076;168476;1663765076;168497;1663765076;168432;0.03538896008233775
1663765076;188280;1663765076;188302;1663765076;188236;0.03538896008233775
1663765076;208197;1663765076;208220;1663765076;208148;0.03538896008233775
1663765076;228579;1663765076;228601;1663765076;228535;0.03538896008233775
1663765076;248489;1663765076;248510;1663765076;248440;0.03538896008233775
1663765076;268256;1663765076;268279;1663765076;268210;0.03538896008233775
1663765076;288175;1663765076;288197;1663765076;288127;0.034977460546496614
1663765076;308660;1663765076;308682;1663765076;308615;0.034977460546496614
1663765076;328751;1663765076;328773;1663765076;328707;0.034977460546496614
1663765076;348122;1663765076;348144;1663765076;348078;0.034977460546496614
1663765076;368152;1663765076;368174;1663765076;368105;0.034977460546496614
1663765076;388518;1663765076;388540;1663765076;388474;0.034977460546496614
1663765076;408510;1663765076;408533;1663765076;408462;0.034977460546496614
1663765076;428380;1663765076;428404;1663765076;428330;0.034977460546496614
1663765076;448121;1663765076;448143;1663765076;448064;0.034977460546496614
1663765076;468515;1663765076;468536;1663765076;468470;0.034977460546496614
1663765076;488529;1663765076;488550;1663765076;488485;0.034977460546496614
