sent.seconds;sent.microseconds;received.seconds;received.microseconds;sampleTimeStamp.seconds;sampleTimeStamp.microseconds;SteeringWhlAngle
1663765070;88370;1663765070;88392;1663765070;88326;0.020727171579505984
1663765070;108339;1663765070;108361;1663765070;108295;0.020727171579505984
1663765070;128263;1663765070;128285;1663765070;128218;0.020727171579505984
1663765070;147966;1663765070;147988;1663765070;147917;0.020727171579505984
1663765070;168378;1663765070;168412;1663765070;168328;0.020727171579505984
1663765070;188122;1663765070;188143;1663765070;188077;0.020727171579505984
1663765070;208059;1663765070;208082;1663765070;208010;0.020727171579505984
1663765070;228433;1663765070;228469;1663765070;228375;0.020727171579505984
1663765070;248336;1663765070;248359;1663765070;248289;0.020727171579505984
1663765070;268158;1663765070;268180;1663765070;268110;0.020727171579505984
1663765070;288025;1663765070;288047;1663765070;287981;0.020727171579505984
1663765070;308499;1663765070;308522;1663765070;308449;0.019345360140872254
1663765070;328571;1663765070;328592;1663765070;328526;0.01796354870223852
1663765070;347982;1663765070;348005;1663765070;347925;0.013818114386337323
1663765070;367993;1663765070;368015;1663765070;367945;0.0027636228772674647
1663765070;388353;1663765070;388376;1663765070;388305;-0.0041454343159011975
1663765070;408347;1663765070;408368;1663765070;408302;-0.013818114386337323
1663765070;428250;1663765070;428272;1663765070;428202;-0.01796354870223852
1663765070;448002;1663765070;448030;1663765070;447938;-0.03454528596584331
1663765070;468375;1663765070;468396;1663765070;468330;-0.0469815889135469
1663765070;488374;1663765070;488395;1663765070;488325;-0.05803608042261676
1663765070;508075;1663765070;508098;1663765070;508027;-0.06494513761578542
1663765070;528428;1663765070;528450;1663765070;528384;-0.07323600624758782
1663765070;548351;1663765070;548373;1663765070;548307;-0.07876325200212274
1663765070;568373;1663765070;568395;1663765070;568325;-0.08014506344075648
1663765070;588027;1663765070;588049;1663765070;587983;-0.08014506344075648
1663765070;608485;1663765070;608507;1663765070;608441;-0.08014506344075648
1663765070;628600;1663765070;628633;1663765070;628544;-0.08014506344075648
1663765070;648113;1663765070;648135;1663765070;648064;-0.08014506344075648
1663765070;668018;1663765070;668040;1663765070;667969;-0.08014506344075648
1663765070;688371;1663765070;688394;1663765070;688323;-0.08152687487939021
1663765070;708373;1663765070;708394;1663765070;708329;-0.08152687487939021
1663765070;728341;1663765070;728364;1663765070;728293;-0.08152687487939021
1663765070;747980;1663765070;748003;1663765070;747932;-0.08152687487939021
1663765070;768361;1663765070;768383;1663765070;768317;-0.08152687487939021
1663765070;788131;1663765070;788153;1663765070;788087;-0.08152687487939021
1663765070;808145;1663765070;808166;1663765070;808100;-0.08290868631802394
1663765070;828473;1663765070;828495;1663765070;828424;-0.08152687487939021
1663765070;848363;1663765070;848386;1663765070;848317;-0.08290868631802394
1663765070;868146;1663765070;868168;1663765070;868101;-0.08290868631802394
1663765070;888100;1663765070;888121;1663765070;888056;-0.08290868631802394
1663765070;908528;1663765070;908549;1663765070;908484;-0.08290868631802394
1663765070;928591;1663765070;928614;1663765070;928544;-0.08290868631802394
1663765070;948015;1663765070;948038;1663765070;947964;-0.08290868631802394
1663765070;968105;1663765070;968127;1663765070;968057;-0.08290868631802394
1663765070;988361;1663765070;988382;1663765070;988317;-0.08290868631802394
1663765071;8407;1663765071;8429;1663765071;8360;-0.08290868631802394
1663765071;28269;1663765071;28291;1663765071;28221;-0.08290868631802394
1663765071;48057;1663765071;48079;1663765071;48013;-0.08290868631802394
1663765071;68397;1663765071;68422;1663765071;68335;-0.08290868631802394
1663765071;88159;1663765071;88181;1663765071;88111;-0.08290868631802394
1663765071;108055;1663765071;108076;1663765071;108011;-0.08290868631802394
1663765071;128542;1663765071;128565;1663765071;128493;-0.08290868631802394
1663765071;148342;1663765071;148365;1663765071;148296;-0.08290868631802394
1663765071;168136;1663765071;168158;1663765071;168091;-0.08290868631802394
1663765071;188024;1663765071;188045;1663765071;187980;-0.08290868631802394
1663765071;208517;1663765071;208538;1663765071;208473;-0.08567230919529141
1663765071;228597;1663765071;228620;1663765071;228544;-0.08705412063392513
1663765071;248032;1663765071;248054;1663765071;247988;-0.09672680070436127
1663765071;267999;1663765071;268021;1663765071;267955;-0.11469034940659978
1663765071;288391;1663765071;288413;1663765071;288347;-0.13403570954747204
1663765071;308410;1663765071;308434;1663765071;308361;-0.14647201249517564
1663765071;328282;1663765071;328304;1663765071;328233;-0.1879263556541876
1663765071;347992;1663765071;348015;1663765071;347943;-0.20312628147915865
1663765071;368358;1663765071;368380;1663765071;368314;-0.2597805504631417
1663765071;388157;1663765071;388179;1663765071;388110;-0.2791259106040139
1663765071;408095;1663765071;408117;1663765071;408048;-0.32196206520165965
1663765071;428424;1663765071;428447;1663765071;428376;-0.371707276992474
1663765071;448361;1663765071;448383;1663765071;448313;-0.42421611166055584
1663765071;468147;1663765071;468168;1663765071;468101;-0.4822521920831726
1663765071;488035;1663765071;488057;1663765071;487986;-0.573451747032999
1663765071;508512;1663765071;508534;1663765071;508469;-0.6356332617715169
1663765071;528584;1663765071;528606;1663765071;528538;-0.6674149248600927
1663765071;548031;1663765071;548054;1663765071;547984;-0.7295964395986106
1663765071;568006;1663765071;568041;1663765071;567951;-0.8221778059870708
1663765071;588393;1663765071;588432;1663765071;588329;-0.8843593207255886
1663765071;608401;1663765071;608425;1663765071;608354;-0.9451590240254729
1663765071;628275;1663765071;628296;1663765071;628230;-0.9741770642367813
1663765071;647987;1663765071;648008;1663765071;647940;-1.0612311848707066
1663765071;668399;1663765071;668421;1663765071;668354;-1.1165036424160557
1663765071;688408;1663765071;688430;1663765071;688359;-1.1731579114000388
1663765071;708064;1663765071;708085;1663765071;708019;-1.1994123287340797
1663765071;728471;1663765071;728494;1663765071;728410;-1.2781755807362025
1663765071;748351;1663765071;748375;1663765071;748306;-1.3030481866316097
1663765071;768402;1663765071;768424;1663765071;768354;-1.3762841928791973
1663765071;788088;1663765071;788110;1663765071;788040;-1.3983931758973371
1663765071;808530;1663765071;808552;1663765071;808481;-1.4633383135131226
1663765071;828605;1663765071;828629;1663765071;828557;-1.4826836736539948
1663765071;848102;1663765071;848124;1663765071;848053;-1.5213743939357394
1663765071;868020;1663765071;868042;1663765071;867974;-1.5752650400424548
1663765071;888417;1663765071;888439;1663765071;888361;-1.6070467031310307
1663765071;908395;1663765071;908417;1663765071;908346;-1.620864817517368
1663765071;928360;1663765071;928384;1663765071;928313;-1.6498828577286764
1663765071;947978;1663765071;948002;1663765071;947924;-1.6747554636240836
1663765071;968376;1663765071;968398;1663765071;968332;-1.7079189381512931
1663765071;988153;1663765071;988174;1663765071;988109;-1.7162098067830955
1663765072;8105;1663765072;8127;1663765072;8061;-1.7383187898012353
1663765072;28457;1663765072;28481;1663765072;28404;-1.7438460355557703
1663765072;48358;1663765072;48379;1663765072;48314;-1.7507550927489388
1663765072;68174;1663765072;68196;1663765072;68125;-1.7562823385034738
1663765072;88138;1663765072;88159;1663765072;88094;-1.7562823385034738
1663765072;108559;1663765072;108580;1663765072;108515;-1.7562823385034738
1663765072;128631;1663765072;128653;1663765072;128581;-1.7562823385034738
1663765072;148010;1663765072;148031;1663765072;147966;-1.7562823385034738
1663765072;168108;1663765072;168130;1663765072;168064;-1.7562823385034738
1663765072;188409;1663765072;188431;1663765072;188364;-1.7562823385034738
1663765072;208412;1663765072;208435;1663765072;208366;-1.7562823385034738
1663765072;228270;1663765072;228293;1663765072;228222;-1.7562823385034738
1663765072;248075;1663765072;248097;1663765072;248031;-1.7562823385034738
1663765072;268401;1663765072;268423;1663765072;268357;-1.7562823385034738
1663765072;288174;1663765072;288197;1663765072;288127;-1.7562823385034738
1663765072;308120;1663765072;308155;1663765072;308068;-1.7562823385034738
1663765072;328507;1663765072;328529;1663765072;328463;-1.7562823385034738
1663765072;348375;1663765072;348396;1663765072;348331;-1.7562823385034738
1663765072;368183;1663765072;368205;1663765072;368135;-1.7562823385034738
1663765072;388052;1663765072;388074;1663765072;388004;-1.7562823385034738
1663765072;408574;1663765072;408596;1663765072;408530;-1.7562823385034738
1663765072;428642;1663765072;428664;1663765072;428594;-1.7562823385034738
1663765072;448043;1663765072;448064;1663765072;447998;-1.7562823385034738
1663765072;468027;1663765072;468048;1663765072;467981;-1.7562823385034738
1663765072;488432;1663765072;488454;1663765072;488383;-1.7562823385034738
1663765072;508435;1663765072;508458;1663765072;508388;-1.7507550927489388
1663765072;528305;1663765072;528327;1663765072;528257;-1.7479914698716714
1663765072;548006;1663765072;548028;1663765072;547962;-1.739700601239869
1663765072;568363;1663765072;568384;1663765072;568319;-1.7231188639762642
1663765072;588172;1663765072;588194;1663765072;588123;-1.7162098067830955
1663765072;608092;1663765072;608113;1663765072;608047;-1.6968644466422234
1663765072;628441;1663765072;628463;1663765072;628392;-1.6899553894490547
1663765072;648405;1663765072;648427;1663765072;648355;-1.6761372750627173
1663765072;668185;1663765072;668207;1663765072;668137;-1.6595555377991125
1663765072;688070;1663765072;688092;1663765072;688021;-1.6346829319037053
1663765072;708547;1663765072;708571;1663765072;708496;-1.6263920632719029
1663765072;728624;1663765072;728645;1663765072;728580;-1.6070467031310307
1663765072;748118;1663765072;748142;1663765072;748064;-1.5821740972356235
1663765072;768045;1663765072;768067;1663765072;768001;-1.5421015655152452
1663765072;788450;1663765072;788474;1663765072;788398;-1.513083525303937
1663765072;808417;1663765072;808438;1663765072;808371;-1.4799200507767274
1663765072;828300;1663765072;828321;1663765072;828256;-1.461956502074489
1663765072;848018;1663765072;848042;1663765072;847959;-1.4066840445291395
1663765072;868404;1663765072;868426;1663765072;868360;-1.3638478899314939
1663765072;888414;1663765072;888435;1663765072;888370;-1.3196299238952145
1663765072;908096;1663765072;908117;1663765072;908051;-1.296139129438441
1663765072;928467;1663765072;928489;1663765072;928422;-1.2215213117522195
1663765072;948389;1663765072;948411;1663765072;948341;-1.1938850829795447
1663765072;968432;1663765072;968454;1663765072;968383;-1.1109763966615207
1663765072;988036;1663765072;988058;1663765072;987987;-1.0805765450115787
1663765073;8567;1663765073;8589;1663765073;8522;-0.9866133671844849
1663765073;28651;1663765073;28673;1663765073;28606;-0.954831704095909
1663765073;48166;1663765073;48205;1663765073;48121;-0.892650189357391
1663765073;68023;1663765073;68045;1663765073;67979;-0.7945415772143961
1663765073;88433;1663765073;88456;1663765073;88387;-0.728214628159977
1663765073;108447;1663765073;108469;1663765073;108403;-0.6618876791055578
1663765073;128384;1663765073;128406;1663765073;128340;-0.6301060160169819
1663765073;148029;1663765073;148052;1663765073;147981;-0.562397255523929
1663765073;168406;1663765073;168429;1663765073;168357;-0.47257951201273646
1663765073;188207;1663765073;188234;1663765073;188147;-0.4173070544673872
1663765073;208171;1663765073;208192;1663765073;208126;-0.3606527854834041
1663765073;228468;1663765073;228490;1663765073;228424;-0.33439836814936325
1663765073;248400;1663765073;248422;1663765073;248356;-0.2818895334812814
1663765073;268209;1663765073;268232;1663765073;268161;-0.20727171579505985
1663765073;288169;1663765073;288190;1663765073;288121;-0.16443556119741415
1663765073;308555;1663765073;308577;1663765073;308511;-0.14509020105654188
1663765073;328643;1663765073;328664;1663765073;328599;-0.10778129221343112
1663765073;348067;1663765073;348088;1663765073;348021;-0.07185419480895408
1663765073;368133;1663765073;368154;1663765073;368088;-0.02487260589540718
1663765073;388452;1663765073;388474;1663765073;388404;0.005527245754534929
1663765073;408426;1663765073;408447;1663765073;408381;0.03454528596584331
1663765073;428288;1663765073;428310;1663765073;428244;0.04836340035218063
1663765073;448111;1663765073;448133;1663765073;448063;0.0939631778270938
1663765073;468405;1663765073;468426;1663765073;468361;0.12712665235430337
1663765073;488229;1663765073;488251;1663765073;488181;0.16305374975878043
1663765073;508116;1663765073;508138;1663765073;508071;0.1837809213382864
1663765073;528584;1663765073;528606;1663765073;528535;0.2266170759359321
1663765073;548415;1663765073;548437;1663765073;548371;0.27498047628811273
1663765073;568209;1663765073;568231;1663765073;568160;0.3578891626061367
1663765073;588086;1663765073;588108;1663765073;588037;0.42007067734465464
1663765073;608566;1663765073;608588;1663765073;608523;0.4863976263990738
1663765073;628637;1663765073;628658;1663765073;628592;0.5223247238035509
1663765073;648127;1663765073;648149;1663765073;648078;0.5983243529284061
1663765073;668050;1663765073;668072;1663765073;668001;0.7143965137736397
1663765073;688419;1663765073;688440;1663765073;688375;0.7945415772143961
1663765073;708450;1663765073;708472;1663765073;708406;0.8346141089347744
1663765073;728306;1663765073;728327;1663765073;728261;0.954831704095909
1663765073;748026;1663765073;748048;1663765073;747978;1.0335949560980318
1663765073;768398;1663765073;768419;1663765073;768354;1.1109763966615207
1663765073;788187;1663765073;788208;1663765073;788141;1.1496671169432653
1663765073;808083;1663765073;808104;1663765073;808038;1.2588302205953301
1663765073;828477;1663765073;828500;1663765073;828433;1.2933755065611734
1663765073;848403;1663765073;848426;1663765073;848357;1.3610842670542265
1663765073;868225;1663765073;868249;1663765073;868175;1.424647593231378
1663765073;888083;1663765073;888104;1663765073;888037;1.513083525303937
1663765073;908355;1663765073;908377;1663765073;908311;1.5669741714106524
1663765073;928655;1663765073;928676;1663765073;928611;1.5918467773060596
1663765073;948062;1663765073;948086;1663765073;948012;1.637446554780973
1663765073;968048;1663765073;968071;1663765073;968000;1.694100823764956
1663765073;988426;1663765073;988450;1663765073;988380;1.7272642982921655
1663765074;8445;1663765074;8469;1663765074;8394;1.7535187156262064
1663765074;28341;1663765074;28362;1663765074;28296;1.76595501857391
1663765074;48017;1663765074;48039;1663765074;47973;1.796354870223852
1663765074;68439;1663765074;68461;1663765074;68394;1.8115547960488232
1663765074;88451;1663765074;88473;1663765074;88403;1.8198456646806256
1663765074;108132;1663765074;108154;1663765074;108083;1.822609287557893
1663765074;128514;1663765074;128535;1663765074;128470;1.8239910989965267
1663765074;148420;1663765074;148442;1663765074;148375;1.8239910989965267
1663765074;168434;1663765074;168455;1663765074;168389;1.8239910989965267
1663765074;188115;1663765074;188137;1663765074;188068;1.8239910989965267
1663765074;208359;1663765074;208380;1663765074;208314;1.8239910989965267
1663765074;228689;1663765074;228712;1663765074;228629;1.8239910989965267
1663765074;248136;1663765074;248158;1663765074;248092;1.8239910989965267
1663765074;268067;1663765074;268090;1663765074;268020;1.822609287557893
1663765074;288436;1663765074;288457;1663765074;288392;1.822609287557893
1663765074;308440;1663765074;308461;1663765074;308396;1.8239910989965267
1663765074;328435;1663765074;328456;1663765074;328390;1.8239910989965267
1663765074;348092;1663765074;348114;1663765074;348048;1.822609287557893
1663765074;368422;1663765074;368444;1663765074;368378;1.8239910989965267
1663765074;388204;1663765074;388225;1663765074;388159;1.8239910989965267
1663765074;408182;1663765074;408204;1663765074;408134;1.8239910989965267
1663765074;428482;1663765074;428504;1663765074;428438;1.8239910989965267
1663765074;448452;1663765074;448474;1663765074;448405;1.822609287557893
1663765074;468228;1663765074;468250;1663765074;468181;1.8198456646806256
1663765074;488190;1663765074;488212;1663765074;488142;1.8143184189260906
1663765074;508368;1663765074;508390;1663765074;508324;1.8101729846101893
1663765074;528674;1663765074;528696;1663765074;528626;1.8046457388556545
1663765074;548056;1663765074;548080;1663765074;548001;1.7922094359079508
1663765074;568139;1663765074;568161;1663765074;568091;1.781154944398881
1663765074;588436;1663765074;588458;1663765074;588392;1.7687186414511773
1663765074;608436;1663765074;608458;1663765074;608392;1.7521369041875727
1663765074;628287;1663765074;628310;1663765074;628238;1.7438460355557703
1663765074;648139;1663765074;648161;1663765074;648090;1.7134461839058281
1663765074;668434;1663765074;668455;1663765074;668388;1.6899553894490547
1663765074;688234;1663765074;688256;1663765074;688189;1.66231916067638
1663765074;708135;1663765074;708156;1663765074;708090;1.6305374975878042
1663765074;728598;1663765074;728619;1663765074;728554;1.5946104001833272
1663765074;748429;1663765074;748450;1663765074;748384;1.5738832286038211
1663765074;768236;1663765074;768258;1663765074;768188;1.5089380909880357
1663765074;788100;1663765074;788122;1663765074;788052;1.460574690635855
1663765074;808610;1663765074;808632;1663765074;808566;1.4108294788450408
1663765074;828661;1663765074;828683;1663765074;828617;1.3845750615109997
1663765074;848115;1663765074;848137;1663765074;848066;1.3044299980702434
1663765074;868076;1663765074;868098;1663765074;868027;1.2463939176476266
1663765074;888461;1663765074;888483;1663765074;888412;1.1869760257863762
1663765074;908460;1663765074;908482;1663765074;908412;1.1275581339251255
1663765074;928367;1663765074;928389;1663765074;928323;1.0985400937138172
1663765074;948033;1663765074;948056;1663765074;947986;1.0087223502026246
1663765074;968429;1663765074;968450;1663765074;968385;0.9506862697800078
1663765074;988469;1663765074;988490;1663765074;988425;0.9230500410073332
1663765075;8153;1663765075;8175;1663765075;8105;0.8387595432506756
1663765075;28530;1663765075;28551;1663765075;28483;0.8125051259166346
1663765075;48430;1663765075;48453;1663765075;48380;0.758614479809919
1663765075;68240;1663765075;68262;1663765075;68196;0.7088692680191047
1663765075;88114;1663765075;88136;1663765075;88065;0.6342514503328831
1663765075;108638;1663765075;108660;1663765075;108594;0.5872698614193362
1663765075;128672;1663765075;128694;1663765075;128626;0.5637790669625627
1663765075;148081;1663765075;148112;1663765075;148026;0.5181792894876497
1663765075;168084;1663765075;168106;1663765075;168037;0.45185234043323047
1663765075;188453;1663765075;188476;1663765075;188407;0.4311251688537245
1663765075;208475;1663765075;208498;1663765075;208429;0.3661800312379391
1663765075;228350;1663765075;228373;1663765075;228300;0.3454528596584331
1663765075;248079;1663765075;248101;1663765075;248034;0.2874167792358163
1663765075;268469;1663765075;268490;1663765075;268424;0.25010787039270554
1663765075;288487;1663765075;288509;1663765075;288443;0.216944395865496
1663765075;308119;1663765075;308142;1663765075;308074;0.20174447004052493
1663765075;328553;1663765075;328575;1663765075;328510;0.16167193832014667
1663765075;348434;1663765075;348456;1663765075;348390;0.15061744681107683
1663765075;368490;1663765075;368511;1663765075;368434;0.12712665235430337
1663765075;388113;1663765075;388134;1663765075;388068;0.12298121803840217
1663765075;408638;1663765075;408660;1663765075;408593;0.11883578372250098
1663765075;428684;1663765075;428706;1663765075;428640;0.11883578372250098
1663765075;448206;1663765075;448227;1663765075;448162;0.11883578372250098
1663765075;468117;1663765075;468139;1663765075;468069;0.12298121803840217
1663765075;488496;1663765075;488518;1663765075;488447;0.12436302947703591
1663765075;508491;1663765075;508515;1663765075;508438;0.12436302947703591
1663765075;528433;1663765075;528454;1663765075;528388;0.12436302947703591
1663765075;548068;1663765075;548091;1663765075;548020;0.12436302947703591
1663765075;568469;1663765075;568490;1663765075;568424;0.12436302947703591
1663765075;588285;1663765075;588307;1663765075;588241;0.12436302947703591
1663765075;608264;1663765075;608286;1663765075;608219;0.12436302947703591
1663765075;628540;1663765075;628561;1663765075;628495;0.12436302947703591
1663765075;648461;1663765075;648483;1663765075;648417;0.12436302947703591
1663765075;668263;1663765075;668284;1663765075;668219;0.12436302947703591
1663765075;688221;1663765075;688243;1663765075;688172;0.12436302947703591
1663765075;708401;1663765075;708423;1663765075;708357;0.12436302947703591
1663765075;728705;1663765075;728726;1663765075;728660;0.12436302947703591
1663765075;748132;1663765075;748154;1663765075;748083;0.12436302947703591
1663765075;768191;1663765075;768213;1663765075;768147;0.12436302947703591
1663765075;788500;1663765075;788521;1663765075;788456;0.12298121803840217
1663765075;808479;1663765075;808500;1663765075;808435;0.11883578372250098
1663765075;828369;1663765075;828392;1663765075;828323;0.11883578372250098
1663765075;848182;1663765075;848204;1663765075;848138;0.11883578372250098
1663765075;868477;1663765075;868499;1663765075;868433;0.11883578372250098
1663765075;888262;1663765075;888284;1663765075;888217;0.11883578372250098
1663765075;908188;1663765075;908210;1663765075;908142;0.11883578372250098
1663765075;928636;1663765075;928659;1663765075;928578;0.11883578372250098
1663765075;948491;1663765075;948525;1663765075;948441;0.11883578372250098
1663765075;968279;1663765075;968300;1663765075;968234;0.11883578372250098
1663765075;988159;1663765075;988181;1663765075;988110;0.11883578372250098
1663765076;8657;1663765076;8679;1663765076;8611;0.11883578372250098
1663765076;28724;1663765076;28747;1663765076;28678;0.11883578372250098
1663765076;48120;1663765076;48142;1663765076;48076;0.11883578372250098
1663765076;68120;1663765076;68142;1663765076;68071;0.11883578372250098
1663765076;88512;1663765076;88534;1663765076;88464;0.11883578372250098
1663765076;108527;1663765076;108549;1663765076;108478;0.11883578372250098
1663765076;128388;1663765076;128410;1663765076;128341;0.11883578372250098
1663765076;148120;1663765076;148142;1663765076;148072;0.11883578372250098
1663765076;168476;1663765076;168497;1663765076;168432;0.11883578372250098
1663765076;188280;1663765076;188302;1663765076;188236;0.11883578372250098
1663765076;208197;1663765076;208220;1663765076;208148;0.11883578372250098
1663765076;228579;1663765076;228601;1663765076;228535;0.11883578372250098
1663765076;248489;1663765076;248510;1663765076;248440;0.11883578372250098
1663765076;268256;1663765076;268279;1663765076;268210;0.11883578372250098
1663765076;288175;1663765076;288197;1663765076;288127;0.11745397228386725
1663765076;308660;1663765076;308682;1663765076;308615;0.11745397228386725
1663765076;328751;1663765076;328773;1663765076;328707;0.11745397228386725
1663765076;348122;1663765076;348144;1663765076;348078;0.11745397228386725
1663765076;368152;1663765076;368174;1663765076;368105;0.11745397228386725
1663765076;388518;1663765076;388540;1663765076;388474;0.11745397228386725
1663765076;408510;1663765076;408533;1663765076;408462;0.11745397228386725
1663765076;428380;1663765076;428404;1663765076;428330;0.11745397228386725
1663765076;448121;1663765076;448143;1663765076;448064;0.11745397228386725
1663765076;468515;1663765076;468536;1663765076;468470;0.11745397228386725
1663765076;488529;1663765076;488550;1663765076;488485;0.11745397228386725
