sent.seconds;sent.microseconds;received.seconds;received.microseconds;sampleTimeStamp.seconds;sampleTimeStamp.microseconds;SteeringWhlAngle
1663765070;88370;1663765070;88392;1663765070;88326;0.0086852389538846
1663765070;108339;1663765070;108361;1663765070;108295;0.0086852389538846
1663765070;128263;1663765070;128285;1663765070;128218;0.0086852389538846
1663765070;147966;1663765070;147988;1663765070;147917;0.0086852389538846
1663765070;168378;1663765070;168412;1663765070;168328;0.0086852389538846
1663765070;188122;1663765070;188143;1663765070;188077;0.0086852389538846
1663765070;208059;1663765070;208082;1663765070;208010;0.0086852389538846
1663765070;228433;1663765070;228469;1663765070;228375;0.0086852389538846
1663765070;248336;1663765070;248359;1663765070;248289;0.0086852389538846
1663765070;268158;1663765070;268180;1663765070;268110;0.0086852389538846
1663765070;288025;1663765070;288047;1663765070;287981;0.0086852389538846
1663765070;308499;1663765070;308522;1663765070;308449;0.008106223023625625
1663765070;328571;1663765070;328592;1663765070;328526;0.007527207093366652
1663765070;347982;1663765070;348005;1663765070;347925;0.005790159302589732
1663765070;367993;1663765070;368015;1663765070;367945;0.0011580318605179465
1663765070;388353;1663765070;388376;1663765070;388305;-0.0017370477907769199
1663765070;408347;1663765070;408368;1663765070;408302;-0.005790159302589732
1663765070;428250;1663765070;428272;1663765070;428202;-0.007527207093366652
1663765070;448002;1663765070;448030;1663765070;447938;-0.014475398256474332
1663765070;468375;1663765070;468396;1663765070;468330;-0.01968654162880509
1663765070;488374;1663765070;488395;1663765070;488325;-0.02431866907087688
1663765070;508075;1663765070;508098;1663765070;508027;-0.027213748722171742
1663765070;528428;1663765070;528450;1663765070;528384;-0.03068784430372558
1663765070;548351;1663765070;548373;1663765070;548307;-0.033003908024761476
1663765070;568373;1663765070;568395;1663765070;568325;-0.03358292395502045
1663765070;588027;1663765070;588049;1663765070;587983;-0.03358292395502045
1663765070;608485;1663765070;608507;1663765070;608441;-0.03358292395502045
1663765070;628600;1663765070;628633;1663765070;628544;-0.03358292395502045
1663765070;648113;1663765070;648135;1663765070;648064;-0.03358292395502045
1663765070;668018;1663765070;668040;1663765070;667969;-0.03358292395502045
1663765070;688371;1663765070;688394;1663765070;688323;-0.03416193988527942
1663765070;708373;1663765070;708394;1663765070;708329;-0.03416193988527942
1663765070;728341;1663765070;728364;1663765070;728293;-0.03416193988527942
1663765070;747980;1663765070;748003;1663765070;747932;-0.03416193988527942
1663765070;768361;1663765070;768383;1663765070;768317;-0.03416193988527942
1663765070;788131;1663765070;788153;1663765070;788087;-0.03416193988527942
1663765070;808145;1663765070;808166;1663765070;808100;-0.0347409558155384
1663765070;828473;1663765070;828495;1663765070;828424;-0.03416193988527942
1663765070;848363;1663765070;848386;1663765070;848317;-0.0347409558155384
1663765070;868146;1663765070;868168;1663765070;868101;-0.0347409558155384
1663765070;888100;1663765070;888121;1663765070;888056;-0.0347409558155384
1663765070;908528;1663765070;908549;1663765070;908484;-0.0347409558155384
1663765070;928591;1663765070;928614;1663765070;928544;-0.0347409558155384
1663765070;948015;1663765070;948038;1663765070;947964;-0.0347409558155384
1663765070;968105;1663765070;968127;1663765070;968057;-0.0347409558155384
1663765070;988361;1663765070;988382;1663765070;988317;-0.0347409558155384
1663765071;8407;1663765071;8429;1663765071;8360;-0.0347409558155384
1663765071;28269;1663765071;28291;1663765071;28221;-0.0347409558155384
1663765071;48057;1663765071;48079;1663765071;48013;-0.0347409558155384
1663765071;68397;1663765071;68422;1663765071;68335;-0.0347409558155384
1663765071;88159;1663765071;88181;1663765071;88111;-0.0347409558155384
1663765071;108055;1663765071;108076;1663765071;108011;-0.0347409558155384
1663765071;128542;1663765071;128565;1663765071;128493;-0.0347409558155384
1663765071;148342;1663765071;148365;1663765071;148296;-0.0347409558155384
1663765071;168136;1663765071;168158;1663765071;168091;-0.0347409558155384
1663765071;188024;1663765071;188045;1663765071;187980;-0.0347409558155384
1663765071;208517;1663765071;208538;1663765071;208473;-0.03589898767605634
1663765071;228597;1663765071;228620;1663765071;228544;-0.03647800360631531
1663765071;248032;1663765071;248054;1663765071;247988;-0.040531115118128125
1663765071;267999;1663765071;268021;1663765071;267955;-0.04805832221149478
1663765071;288391;1663765071;288413;1663765071;288347;-0.056164545235120406
1663765071;308410;1663765071;308434;1663765071;308361;-0.06137568860745116
1663765071;328282;1663765071;328304;1663765071;328233;-0.07874616651522036
1663765071;347992;1663765071;348015;1663765071;347943;-0.08511534174806906
1663765071;368358;1663765071;368380;1663765071;368314;-0.10885499488868697
1663765071;388157;1663765071;388179;1663765071;388110;-0.11696121791231259
1663765071;408095;1663765071;408117;1663765071;408048;-0.13491071175034078
1663765071;428424;1663765071;428447;1663765071;428376;-0.1557552852396638
1663765071;448361;1663765071;448383;1663765071;448313;-0.17775789058950478
1663765071;468147;1663765071;468168;1663765071;468101;-0.20207655966038165
1663765071;488035;1663765071;488057;1663765071;487986;-0.2402916110574739
1663765071;508512;1663765071;508534;1663765071;508469;-0.2663473279191277
1663765071;528584;1663765071;528606;1663765071;528538;-0.27966469431508406
1663765071;548031;1663765071;548054;1663765071;547984;-0.30572041117673787
1663765071;568006;1663765071;568041;1663765071;567951;-0.34451447850408906
1663765071;588393;1663765071;588432;1663765071;588329;-0.37057019536574287
1663765071;608401;1663765071;608425;1663765071;608354;-0.3960468962971377
1663765071;628275;1663765071;628296;1663765071;628230;-0.4082062308325761
1663765071;647987;1663765071;648008;1663765071;647940;-0.4446842344388915
1663765071;668399;1663765071;668421;1663765071;668354;-0.46784487164925037
1663765071;688408;1663765071;688430;1663765071;688359;-0.4915845247898683
1663765071;708064;1663765071;708085;1663765071;708019;-0.5025858274647887
1663765071;728471;1663765071;728494;1663765071;728410;-0.5355897354895502
1663765071;748351;1663765071;748375;1663765071;748306;-0.5460120222342117
1663765071;768402;1663765071;768424;1663765071;768354;-0.5766998665379374
1663765071;788088;1663765071;788110;1663765071;788040;-0.585964121422081
1663765071;808530;1663765071;808552;1663765071;808481;-0.6131778701442527
1663765071;828605;1663765071;828629;1663765071;828557;-0.6212840931678784
1663765071;848102;1663765071;848124;1663765071;848053;-0.6374965392151296
1663765071;868020;1663765071;868042;1663765071;867974;-0.6600781604952295
1663765071;888417;1663765071;888439;1663765071;888361;-0.6733955268911859
1663765071;908395;1663765071;908417;1663765071;908346;-0.6791856861937756
1663765071;928360;1663765071;928384;1663765071;928313;-0.6913450207292141
1663765071;947978;1663765071;948002;1663765071;947924;-0.7017673074738756
1663765071;968376;1663765071;968398;1663765071;968332;-0.715663689800091
1663765071;988153;1663765071;988174;1663765071;988109;-0.7191377853816447
1663765072;8105;1663765072;8127;1663765072;8061;-0.7284020402657884
1663765072;28457;1663765072;28481;1663765072;28404;-0.7307181039868242
1663765072;48358;1663765072;48379;1663765072;48314;-0.7336131836381191
1663765072;68174;1663765072;68196;1663765072;68125;-0.735929247359155
1663765072;88138;1663765072;88159;1663765072;88094;-0.735929247359155
1663765072;108559;1663765072;108580;1663765072;108515;-0.735929247359155
1663765072;128631;1663765072;128653;1663765072;128581;-0.735929247359155
1663765072;148010;1663765072;148031;1663765072;147966;-0.735929247359155
1663765072;168108;1663765072;168130;1663765072;168064;-0.735929247359155
1663765072;188409;1663765072;188431;1663765072;188364;-0.735929247359155
1663765072;208412;1663765072;208435;1663765072;208366;-0.735929247359155
1663765072;228270;1663765072;228293;1663765072;228222;-0.735929247359155
1663765072;248075;1663765072;248097;1663765072;248031;-0.735929247359155
1663765072;268401;1663765072;268423;1663765072;268357;-0.735929247359155
1663765072;288174;1663765072;288197;1663765072;288127;-0.735929247359155
1663765072;308120;1663765072;308155;1663765072;308068;-0.735929247359155
1663765072;328507;1663765072;328529;1663765072;328463;-0.735929247359155
1663765072;348375;1663765072;348396;1663765072;348331;-0.735929247359155
1663765072;368183;1663765072;368205;1663765072;368135;-0.735929247359155
1663765072;388052;1663765072;388074;1663765072;388004;-0.735929247359155
1663765072;408574;1663765072;408596;1663765072;408530;-0.735929247359155
1663765072;428642;1663765072;428664;1663765072;428594;-0.735929247359155
1663765072;448043;1663765072;448064;1663765072;447998;-0.735929247359155
1663765072;468027;1663765072;468048;1663765072;467981;-0.735929247359155
1663765072;488432;1663765072;488454;1663765072;488383;-0.735929247359155
1663765072;508435;1663765072;508458;1663765072;508388;-0.7336131836381191
1663765072;528305;1663765072;528327;1663765072;528257;-0.7324551517776011
1663765072;548006;1663765072;548028;1663765072;547962;-0.7289810561960474
1663765072;568363;1663765072;568384;1663765072;568319;-0.7220328650329396
1663765072;588172;1663765072;588194;1663765072;588123;-0.7191377853816447
1663765072;608092;1663765072;608113;1663765072;608047;-0.7110315623580191
1663765072;628441;1663765072;628463;1663765072;628392;-0.7081364827067242
1663765072;648405;1663765072;648427;1663765072;648355;-0.7023463234041346
1663765072;668185;1663765072;668207;1663765072;668137;-0.6953981322410269
1663765072;688070;1663765072;688092;1663765072;688021;-0.6849758454963654
1663765072;708547;1663765072;708571;1663765072;708496;-0.6815017499148115
1663765072;728624;1663765072;728645;1663765072;728580;-0.6733955268911859
1663765072;748118;1663765072;748142;1663765072;748064;-0.6629732401465244
1663765072;768045;1663765072;768067;1663765072;768001;-0.6461817781690141
1663765072;788450;1663765072;788474;1663765072;788398;-0.6340224436335757
1663765072;808417;1663765072;808438;1663765072;808371;-0.6201260613073604
1663765072;828300;1663765072;828321;1663765072;828256;-0.6125988542139937
1663765072;848018;1663765072;848042;1663765072;847959;-0.5894382170036347
1663765072;868404;1663765072;868426;1663765072;868360;-0.5714887231656066
1663765072;888414;1663765072;888435;1663765072;888370;-0.5529602133973195
1663765072;908096;1663765072;908117;1663765072;908051;-0.5431169425829169
1663765072;928467;1663765072;928489;1663765072;928422;-0.5118500823489324
1663765072;948389;1663765072;948411;1663765072;948341;-0.5002697637437529
1663765072;968432;1663765072;968454;1663765072;968383;-0.4655288079282145
1663765072;988036;1663765072;988058;1663765072;987987;-0.4527904574625171
1663765073;8567;1663765073;8589;1663765073;8522;-0.41341737420490693
1663765073;28651;1663765073;28673;1663765073;28606;-0.4001000078089505
1663765073;48166;1663765073;48205;1663765073;48121;-0.37404429094729674
1663765073;68023;1663765073;68045;1663765073;67979;-0.3329341598989096
1663765073;88433;1663765073;88456;1663765073;88387;-0.30514139524647893
1663765073;108447;1663765073;108469;1663765073;108403;-0.2773486305940482
1663765073;128384;1663765073;128406;1663765073;128340;-0.2640312641980918
1663765073;148029;1663765073;148052;1663765073;147981;-0.23565948361540212
1663765073;168406;1663765073;168429;1663765073;168357;-0.19802344814856884
1663765073;188207;1663765073;188234;1663765073;188147;-0.17486281093820993
1663765073;208171;1663765073;208192;1663765073;208126;-0.15112315779759203
1663765073;228468;1663765073;228490;1663765073;228424;-0.14012185512267153
1663765073;248400;1663765073;248422;1663765073;248356;-0.11811924977283055
1663765073;268209;1663765073;268232;1663765073;268161;-0.08685238953884598
1663765073;288169;1663765073;288190;1663765073;288121;-0.06890289570081781
1663765073;308555;1663765073;308577;1663765073;308511;-0.060796672677192194
1663765073;328643;1663765073;328664;1663765073;328599;-0.045163242560199914
1663765073;348067;1663765073;348088;1663765073;348021;-0.03010882837346661
1663765073;368133;1663765073;368154;1663765073;368088;-0.01042228674466152
1663765073;388452;1663765073;388474;1663765073;388404;0.002316063721035893
1663765073;408426;1663765073;408447;1663765073;408381;0.014475398256474332
1663765073;428288;1663765073;428310;1663765073;428244;0.020265557559064062
1663765073;448111;1663765073;448133;1663765073;448063;0.03937308325761018
1663765073;468405;1663765073;468426;1663765073;468361;0.05326946558382554
1663765073;488229;1663765073;488251;1663765073;488181;0.06832387977055884
1663765073;508116;1663765073;508138;1663765073;508071;0.07700911872444344
1663765073;528584;1663765073;528606;1663765073;528535;0.09495861256247161
1663765073;548415;1663765073;548437;1663765073;548371;0.11522417012153569
1663765073;568209;1663765073;568231;1663765073;568160;0.14996512593707406
1663765073;588086;1663765073;588108;1663765073;588037;0.17602084279872787
1663765073;608566;1663765073;608588;1663765073;608523;0.2038136074511586
1663765073;628637;1663765073;628658;1663765073;628592;0.2188680216378919
1663765073;648127;1663765073;648149;1663765073;648078;0.25071389780213543
1663765073;668050;1663765073;668072;1663765073;668001;0.2993512359438892
1663765073;688419;1663765073;688440;1663765073;688375;0.3329341598989096
1663765073;708450;1663765073;708472;1663765073;708406;0.34972562187641987
1663765073;728306;1663765073;728327;1663765073;728261;0.4001000078089505
1663765073;748026;1663765073;748048;1663765073;747978;0.433103915833712
1663765073;768398;1663765073;768419;1663765073;768354;0.4655288079282145
1663765073;788187;1663765073;788208;1663765073;788141;0.48174125397546574
1663765073;808083;1663765073;808104;1663765073;808038;0.5274835124659246
1663765073;828477;1663765073;828500;1663765073;828433;0.541958910722399
1663765073;848403;1663765073;848426;1663765073;848357;0.5703306913050886
1663765073;868225;1663765073;868249;1663765073;868175;0.5969654240970015
1663765073;888083;1663765073;888104;1663765073;888037;0.6340224436335757
1663765073;908355;1663765073;908377;1663765073;908311;0.6566040649136756
1663765073;928655;1663765073;928676;1663765073;928611;0.6670263516583372
1663765073;948062;1663765073;948086;1663765073;948012;0.6861338773568834
1663765073;968048;1663765073;968071;1663765073;968000;0.7098735304975012
1663765073;988426;1663765073;988450;1663765073;988380;0.7237699128237166
1663765074;8445;1663765074;8469;1663765074;8394;0.7347712154986371
1663765074;28341;1663765074;28362;1663765074;28296;0.7399823588709679
1663765074;48017;1663765074;48039;1663765074;47973;0.7527207093366652
1663765074;68439;1663765074;68461;1663765074;68394;0.759089884569514
1663765074;88451;1663765074;88473;1663765074;88403;0.7625639801510677
1663765074;108132;1663765074;108154;1663765074;108083;0.7637220120115857
1663765074;128514;1663765074;128535;1663765074;128470;0.7643010279418447
1663765074;148420;1663765074;148442;1663765074;148375;0.7643010279418447
1663765074;168434;1663765074;168455;1663765074;168389;0.7643010279418447
1663765074;188115;1663765074;188137;1663765074;188068;0.7643010279418447
1663765074;208359;1663765074;208380;1663765074;208314;0.7643010279418447
1663765074;228689;1663765074;228712;1663765074;228629;0.7643010279418447
1663765074;248136;1663765074;248158;1663765074;248092;0.7643010279418447
1663765074;268067;1663765074;268090;1663765074;268020;0.7637220120115857
1663765074;288436;1663765074;288457;1663765074;288392;0.7637220120115857
1663765074;308440;1663765074;308461;1663765074;308396;0.7643010279418447
1663765074;328435;1663765074;328456;1663765074;328390;0.7643010279418447
1663765074;348092;1663765074;348114;1663765074;348048;0.7637220120115857
1663765074;368422;1663765074;368444;1663765074;368378;0.7643010279418447
1663765074;388204;1663765074;388225;1663765074;388159;0.7643010279418447
1663765074;408182;1663765074;408204;1663765074;408134;0.7643010279418447
1663765074;428482;1663765074;428504;1663765074;428438;0.7643010279418447
1663765074;448452;1663765074;448474;1663765074;448405;0.7637220120115857
1663765074;468228;1663765074;468250;1663765074;468181;0.7625639801510677
1663765074;488190;1663765074;488212;1663765074;488142;0.7602479164300319
1663765074;508368;1663765074;508390;1663765074;508324;0.758510868639255
1663765074;528674;1663765074;528696;1663765074;528626;0.7561948049182191
1663765074;548056;1663765074;548080;1663765074;548001;0.7509836615458884
1663765074;568139;1663765074;568161;1663765074;568091;0.7463515341038165
1663765074;588436;1663765074;588458;1663765074;588392;0.7411403907314857
1663765074;608436;1663765074;608458;1663765074;608392;0.7341921995683781
1663765074;628287;1663765074;628310;1663765074;628238;0.7307181039868242
1663765074;648139;1663765074;648161;1663765074;648090;0.7179797535211269
1663765074;668434;1663765074;668455;1663765074;668388;0.7081364827067242
1663765074;688234;1663765074;688256;1663765074;688189;0.6965561641015449
1663765074;708135;1663765074;708156;1663765074;708090;0.6832387977055885
1663765074;728598;1663765074;728619;1663765074;728554;0.6681843835188551
1663765074;748429;1663765074;748450;1663765074;748384;0.6594991445649705
1663765074;768236;1663765074;768258;1663765074;768188;0.6322853958427987
1663765074;788100;1663765074;788122;1663765074;788052;0.6120198382837347
1663765074;808610;1663765074;808632;1663765074;808566;0.5911752647944117
1663765074;828661;1663765074;828683;1663765074;828617;0.5801739621194912
1663765074;848115;1663765074;848137;1663765074;848066;0.5465910381644707
1663765074;868076;1663765074;868098;1663765074;868027;0.5222723690935939
1663765074;888461;1663765074;888483;1663765074;888412;0.49737468409245805
1663765074;908460;1663765074;908482;1663765074;908412;0.4724769990913222
1663765074;928367;1663765074;928389;1663765074;928323;0.46031766455588374
1663765074;948033;1663765074;948056;1663765074;947986;0.4226816290890505
1663765074;968429;1663765074;968450;1663765074;968385;0.3983629600181736
1663765074;988469;1663765074;988490;1663765074;988425;0.3867826414129941
1663765075;8153;1663765075;8175;1663765075;8105;0.35146266966719675
1663765075;28530;1663765075;28551;1663765075;28483;0.34046136699227625
1663765075;48430;1663765075;48453;1663765075;48380;0.3178797457121763
1663765075;68240;1663765075;68262;1663765075;68196;0.2970351722228533
1663765075;88114;1663765075;88136;1663765075;88065;0.26576831198886874
1663765075;108638;1663765075;108660;1663765075;108594;0.24608177036006362
1663765075;128672;1663765075;128694;1663765075;128626;0.2362384995456611
1663765075;148081;1663765075;148112;1663765075;148026;0.21713097384711497
1663765075;168084;1663765075;168106;1663765075;168037;0.18933820919468425
1663765075;188453;1663765075;188476;1663765075;188407;0.18065297024079965
1663765075;208475;1663765075;208498;1663765075;208429;0.1534392215186279
1663765075;228350;1663765075;228373;1663765075;228300;0.1447539825647433
1663765075;248079;1663765075;248101;1663765075;248034;0.12043531349386644
1663765075;268469;1663765075;268490;1663765075;268424;0.10480188337687416
1663765075;288487;1663765075;288509;1663765075;288443;0.0909055010506588
1663765075;308119;1663765075;308142;1663765075;308074;0.08453632581781009
1663765075;328553;1663765075;328575;1663765075;328510;0.06774486384029987
1663765075;348434;1663765075;348456;1663765075;348390;0.06311273639822809
1663765075;368490;1663765075;368511;1663765075;368434;0.05326946558382554
1663765075;388113;1663765075;388134;1663765075;388068;0.05153241779304862
1663765075;408638;1663765075;408660;1663765075;408593;0.0497953700022717
1663765075;428684;1663765075;428706;1663765075;428640;0.0497953700022717
1663765075;448206;1663765075;448227;1663765075;448162;0.0497953700022717
1663765075;468117;1663765075;468139;1663765075;468069;0.05153241779304862
1663765075;488496;1663765075;488518;1663765075;488447;0.05211143372330759
1663765075;508491;1663765075;508515;1663765075;508438;0.05211143372330759
1663765075;528433;1663765075;528454;1663765075;528388;0.05211143372330759
1663765075;548068;1663765075;548091;1663765075;548020;0.05211143372330759
1663765075;568469;1663765075;568490;1663765075;568424;0.05211143372330759
1663765075;588285;1663765075;588307;1663765075;588241;0.05211143372330759
1663765075;608264;1663765075;608286;1663765075;608219;0.05211143372330759
1663765075;628540;1663765075;628561;1663765075;628495;0.05211143372330759
1663765075;648461;1663765075;648483;1663765075;648417;0.05211143372330759
1663765075;668263;1663765075;668284;1663765075;668219;0.05211143372330759
1663765075;688221;1663765075;688243;1663765075;688172;0.05211143372330759
1663765075;708401;1663765075;708423;1663765075;708357;0.05211143372330759
1663765075;728705;1663765075;728726;1663765075;728660;0.05211143372330759
1663765075;748132;1663765075;748154;1663765075;748083;0.05211143372330759
1663765075;768191;1663765075;768213;1663765075;768147;0.05211143372330759
1663765075;788500;1663765075;788521;1663765075;788456;0.05153241779304862
1663765075;808479;1663765075;808500;1663765075;808435;0.0497953700022717
1663765075;828369;1663765075;828392;1663765075;828323;0.0497953700022717
1663765075;848182;1663765075;848204;1663765075;848138;0.0497953700022717
1663765075;868477;1663765075;868499;1663765075;868433;0.0497953700022717
1663765075;888262;1663765075;888284;1663765075;888217;0.0497953700022717
1663765075;908188;1663765075;908210;1663765075;908142;0.0497953700022717
1663765075;928636;1663765075;928659;1663765075;928578;0.0497953700022717
1663765075;948491;1663765075;948525;1663765075;948441;0.0497953700022717
1663765075;968279;1663765075;968300;1663765075;968234;0.0497953700022717
1663765075;988159;1663765075;988181;1663765075;988110;0.0497953700022717
1663765076;8657;1663765076;8679;1663765076;8611;0.0497953700022717
1663765076;28724;1663765076;28747;1663765076;28678;0.0497953700022717
1663765076;48120;1663765076;48142;1663765076;48076;0.0497953700022717
1663765076;68120;1663765076;68142;1663765076;68071;0.0497953700022717
1663765076;88512;1663765076;88534;1663765076;88464;0.0497953700022717
1663765076;108527;1663765076;108549;1663765076;108478;0.0497953700022717
1663765076;128388;1663765076;128410;1663765076;128341;0.0497953700022717
1663765076;148120;1663765076;148142;1663765076;148072;0.0497953700022717
1663765076;168476;1663765076;168497;1663765076;168432;0.0497953700022717
1663765076;188280;1663765076;188302;1663765076;188236;0.0497953700022717
1663765076;208197;1663765076;208220;1663765076;208148;0.0497953700022717
1663765076;228579;1663765076;228601;1663765076;228535;0.0497953700022717
1663765076;248489;1663765076;248510;1663765076;248440;0.0497953700022717
1663765076;268256;1663765076;268279;1663765076;268210;0.0497953700022717
1663765076;288175;1663765076;288197;1663765076;288127;0.049216354072012726
1663765076;308660;1663765076;308682;1663765076;308615;0.049216354072012726
1663765076;328751;1663765076;328773;1663765076;328707;0.049216354072012726
1663765076;348122;1663765076;348144;1663765076;348078;0.049216354072012726
1663765076;368152;1663765076;368174;1663765076;368105;0.049216354072012726
1663765076;388518;1663765076;388540;1663765076;388474;0.049216354072012726
1663765076;408510;1663765076;408533;1663765076;408462;0.049216354072012726
1663765076;428380;1663765076;428404;1663765076;428330;0.049216354072012726
1663765076;448121;1663765076;448143;1663765076;448064;0.049216354072012726
1663765076;468515;1663765076;468536;1663765076;468470;0.049216354072012726
1663765076;488529;1663765076;488550;1663765076;488485;0.049216354072012726
